34795.0
33370.0
33995.0
33376.0
32469.0
33134.0
33087.0
24790.0
23739.0
21299.0
21149.0
21374.0
21059.0
20957.0
20787.0
20735.0
20728.0
20965.0
20976.0
20703.0
20666.0
20650.0
20948.0
20609.0
20600.0
20821.0
20561.0
20538.0
20532.0
20752.0
20508.0
20778.0
20761.0
20480.0
20477.0
20740.0
20446.0
20436.0
20672.0
20710.0
20388.0
20613.0
20370.0
20363.0
20357.0
20340.0
20586.0
20554.0
20610.0
20527.0
20585.0
20555.0
20577.0
20515.0
20271.0
20503.0
20228.0
20487.0
20201.0
20438.0
20193.0
20433.0
20452.0
20367.0
20409.0
20327.0
20296.0
20047.0
20040.0
20306.0
20000.0
20304.0
20295.0
20239.0
19955.0
20217.0
20174.0
20194.0
20115.0
20075.0
20074.0
20041.0
19744.0
20039.0
20550.0
19917.0
19890.0
19774.0
19743.0
19657.0
19442.0
19441.0
19348.0
19747.0
19182.0
18986.0
19232.0
18965.0
18872.0
19066.0
18772.0
35004.0
33872.0
34477.0
33546.0
34287.0
33621.0
33419.0
33401.0
34145.0
33822.0
34129.0
33538.0
34105.0
33636.0
33633.0
33519.0
33299.0
34054.0
33662.0
33225.0
33996.0
33438.0
33215.0
33411.0
33939.0
33344.0
33175.0
33322.0
33363.0
33891.0
33361.0
33346.0
33466.0
33126.0
33864.0
33360.0
33730.0
33111.0
33301.0
33405.0
33060.0
33686.0
33283.0
33087.0
33837.0
33296.0
33281.0
33815.0
33207.0
33818.0
33830.0
33034.0
33175.0
33015.0
33775.0
33622.0
33765.0
33201.0
33242.0
33732.0
33252.0
33731.0
32981.0
33836.0
32981.0
33205.0
32968.0
33459.0
33286.0
33341.0
32927.0
33271.0
33702.0
33083.0
32923.0
33264.0
32915.0
33166.0
33407.0
32927.0
33785.0
32896.0
33135.0
33667.0
33138.0
33234.0
32893.0
33048.0
33503.0
33663.0
33134.0
33268.0
33116.0
32878.0
33446.0
32864.0
32861.0
32879.0
33447.0
33339.0
33177.0
32849.0
33338.0
33324.0
32840.0
32849.0
33057.0
33175.0
33439.0
33093.0
33068.0
33084.0
33223.0
33336.0
32828.0
33114.0
32980.0
33314.0
33306.0
32822.0
33600.0
33570.0
33138.0
33285.0
33056.0
33101.0
33018.0
33005.0
33130.0
32970.0
33436.0
32915.0
33116.0
32800.0
33288.0
32955.0
33039.0
33036.0
33390.0
33408.0
33363.0
33290.0
33741.0
33185.0
32781.0
33201.0
33546.0
33363.0
32756.0
33070.0
32745.0
33600.0
33515.0
33176.0
33619.0
32737.0
32962.0
32989.0
32977.0
33362.0
32734.0
32731.0
32947.0
32727.0
32744.0
33470.0
32981.0
33161.0
33038.0
33473.0
32974.0
32704.0
33490.0
32996.0
32953.0
33763.0
33293.0
32703.0
33085.0
33492.0
33545.0
32927.0
32949.0
33075.0
32902.0
33005.0
33167.0
32997.0
32945.0
33020.0
33572.0
32899.0
32797.0
33264.0
32670.0
32900.0
32681.0
33426.0
32677.0
33445.0
33057.0
32911.0
32906.0
33161.0
33401.0
33156.0
33147.0
32636.0
33397.0
32644.0
32637.0
32965.0
32968.0
33733.0
32885.0
32866.0
32633.0
33393.0
33247.0
32631.0
32619.0
32638.0
33362.0
32955.0
33018.0
33499.0
32870.0
33376.0
33415.0
33022.0
32874.0
32925.0
33387.0
33092.0
32930.0
32590.0
32590.0
33537.0
33372.0
32856.0
33225.0
33648.0
33035.0
32885.0
32580.0
32836.0
33062.0
33645.0
33174.0
33679.0
32735.0
32999.0
32985.0
32795.0
32572.0
32915.0
32573.0
33334.0
32553.0
32810.0
32558.0
33523.0
32717.0
33429.0
33185.0
32889.0
33324.0
32546.0
32568.0
33300.0
32758.0
32670.0
32542.0
33186.0
33190.0
32535.0
32833.0
33491.0
32769.0
33395.0
32779.0
32523.0
33137.0
32828.0
32536.0
32505.0
32502.0
33601.0
32735.0
32510.0
33449.0
33147.0
32777.0
32763.0
33277.0
32758.0
33635.0
32755.0
32950.0
33119.0
32762.0
33380.0
32712.0
32513.0
32497.0
32497.0
32837.0
32718.0
33081.0
32988.0
33252.0
32492.0
32927.0
33129.0
32719.0
32984.0
32691.0
32463.0
33313.0
32689.0
32870.0
32860.0
32703.0
32929.0
32771.0
32439.0
32922.0
33055.0
33496.0
32439.0
33181.0
33037.0
33032.0
32934.0
32585.0
33500.0
32750.0
32691.0
33316.0
32548.0
32685.0
32635.0
33371.0
32550.0
32417.0
33470.0
32908.0
33009.0
32414.0
32900.0
32540.0
32409.0
32425.0
33205.0
32534.0
32385.0
32418.0
32623.0
33171.0
32516.0
32647.0
32646.0
32385.0
32631.0
32541.0
33143.0
33470.0
32986.0
32976.0
32871.0
33133.0
33510.0
32524.0
32978.0
32619.0
32804.0
33004.0
32619.0
32627.0
33018.0
33156.0
33018.0
33138.0
32858.0
32485.0
32991.0
32985.0
32602.0
32601.0
32635.0
32339.0
32739.0
32453.0
32651.0
32920.0
32534.0
32938.0
32319.0
33074.0
32664.0
32544.0
32810.0
32438.0
32308.0
32566.0
33212.0
32533.0
32957.0
32297.0
32547.0
32896.0
32615.0
32779.0
33217.0
32892.0
32762.0
32539.0
33023.0
32507.0
32787.0
33400.0
32934.0
32694.0
33073.0
32524.0
33348.0
32534.0
32390.0
32259.0
32281.0
32519.0
32592.0
32560.0
32267.0
32253.0
33035.0
33349.0
32906.0
33134.0
32254.0
33010.0
32495.0
32492.0
32546.0
32489.0
32582.0
32496.0
33014.0
32882.0
32442.0
32359.0
33350.0
32356.0
32652.0
32563.0
33184.0
32451.0
32492.0
32249.0
32815.0
32477.0
32844.0
32822.0
33160.0
32668.0
32231.0
32210.0
33184.0
32460.0
32341.0
32337.0
33165.0
32508.0
32214.0
32867.0
32212.0
32544.0
32963.0
32207.0
33072.0
33136.0
32399.0
32199.0
32442.0
32409.0
32447.0
32313.0
33298.0
33119.0
32960.0
33232.0
32446.0
32521.0
32191.0
32182.0
32509.0
32260.0
32954.0
32423.0
32508.0
32168.0
32508.0
33114.0
33263.0
33132.0
32953.0
33303.0
32384.0
32824.0
32157.0
32654.0
32898.0
32288.0
32404.0
32158.0
33270.0
32743.0
32496.0
32238.0
32788.0
32415.0
32397.0
32775.0
32413.0
32888.0
32938.0
32376.0
32757.0
32338.0
33213.0
32880.0
32132.0
33193.0
33065.0
33225.0
33219.0
33172.0
32745.0
32709.0
32386.0
32415.0
32115.0
32381.0
32913.0
32391.0
33191.0
32870.0
32544.0
32237.0
32234.0
32124.0
32354.0
32583.0
32105.0
32229.0
32734.0
32447.0
32760.0
32693.0
32585.0
33164.0
32097.0
32960.0
32345.0
32219.0
32575.0
32379.0
32679.0
32712.0
32731.0
32485.0
32092.0
33218.0
32373.0
32579.0
32314.0
33035.0
32346.0
32369.0
33177.0
32203.0
32580.0
32052.0
32700.0
32663.0
32998.0
32330.0
32399.0
32059.0
33179.0
32923.0
32179.0
32177.0
32212.0
32030.0
32176.0
32844.0
33180.0
32977.0
32062.0
32174.0
32827.0
32165.0
32046.0
33161.0
32027.0
32322.0
32813.0
33121.0
32013.0
32670.0
32240.0
32302.0
32275.0
32337.0
32631.0
32273.0
32013.0
32280.0
32632.0
32010.0
32618.0
32426.0
32878.0
33121.0
32595.0
32891.0
32275.0
32662.0
32275.0
33102.0
32244.0
32237.0
32858.0
31987.0
32117.0
31995.0
32197.0
32777.0
32202.0
31989.0
33120.0
32270.0
33034.0
32228.0
32474.0
32747.0
32480.0
32289.0
31951.0
32240.0
32092.0
32090.0
32259.0
32858.0
33019.0
32240.0
32461.0
32079.0
32217.0
32248.0
32175.0
32280.0
32080.0
32113.0
32798.0
33076.0
32206.0
32888.0
33013.0
33009.0
32221.0
32418.0
32236.0
33076.0
31930.0
32237.0
33005.0
32330.0
32142.0
32546.0
32822.0
31926.0
32055.0
32590.0
32179.0
32215.0
32197.0
32823.0
32171.0
32502.0
31917.0
32256.0
32048.0
32206.0
31905.0
33016.0
31907.0
32548.0
31916.0
32571.0
33013.0
32031.0
32330.0
32763.0
33033.0
31878.0
32860.0
32405.0
32162.0
32154.0
32013.0
32502.0
32382.0
31872.0
32509.0
32512.0
32527.0
32954.0
32538.0
33002.0
31862.0
32147.0
32125.0
32323.0
32005.0
32360.0
32130.0
32946.0
32141.0
32819.0
32823.0
32982.0
32515.0
32120.0
32823.0
31981.0
32708.0
31976.0
31842.0
32139.0
32112.0
32708.0
31959.0
32942.0
32964.0
31961.0
31952.0
31956.0
32472.0
32796.0
31841.0
31827.0
31943.0
32952.0
32713.0
32461.0
31946.0
31818.0
32440.0
32892.0
32152.0
32320.0
31929.0
31933.0
31932.0
32941.0
32067.0
32656.0
32060.0
32884.0
32284.0
32532.0
31913.0
32431.0
31911.0
32732.0
32053.0
32050.0
31908.0
32047.0
32011.0
32032.0
32016.0
32097.0
32037.0
31895.0
31887.0
31890.0
31917.0
31735.0
32026.0
31882.0
32543.0
32079.0
31881.0
32054.0
32004.0
31754.0
32390.0
31873.0
32600.0
32077.0
32021.0
32854.0
32819.0
32825.0
32010.0
31944.0
32530.0
32694.0
32358.0
32827.0
32822.0
32027.0
32033.0
31860.0
32071.0
31960.0
31851.0
31712.0
32828.0
31811.0
32807.0
32226.0
32007.0
31808.0
31997.0
32829.0
31838.0
31976.0
31797.0
32760.0
32450.0
32806.0
31828.0
32179.0
31826.0
32764.0
32630.0
32564.0
32759.0
31792.0
32003.0
31813.0
31841.0
32544.0
31683.0
32759.0
32262.0
31825.0
32001.0
31794.0
31942.0
31796.0
31804.0
32343.0
31937.0
32523.0
32455.0
31940.0
31937.0
32624.0
32600.0
32706.0
32258.0
31786.0
32127.0
31969.0
32760.0
31771.0
32738.0
32733.0
32746.0
31767.0
32130.0
32760.0
31903.0
32510.0
31894.0
31765.0
31760.0
31870.0
31929.0
31745.0
31761.0
32478.0
32560.0
32132.0
31886.0
32725.0
32696.0
32253.0
32086.0
31609.0
32658.0
31867.0
32106.0
31710.0
31872.0
31817.0
31886.0
31857.0
32380.0
31714.0
32455.0
31862.0
32090.0
31668.0
31653.0
31814.0
32176.0
32634.0
32244.0
31687.0
31882.0
32650.0
31879.0
31566.0
31893.0
31828.0
31540.0
31674.0
31549.0
31864.0
32607.0
31824.0
31823.0
32020.0
31668.0
31665.0
31621.0
32426.0
31514.0
31798.0
32155.0
32648.0
31807.0
31792.0
32588.0
32598.0
32013.0
32286.0
31622.0
31804.0
31848.0
31639.0
32615.0
31629.0
31706.0
31838.0
32603.0
31581.0
32146.0
31464.0
31817.0
31622.0
32611.0
31618.0
32572.0
31692.0
31979.0
31971.0
32571.0
32520.0
32321.0
31799.0
31588.0
31441.0
31715.0
31530.0
31720.0
31438.0
32345.0
31601.0
31739.0
31414.0
31558.0
31564.0
31413.0
31698.0
31539.0
32311.0
32019.0
31924.0
31770.0
31550.0
31563.0
31934.0
31408.0
31399.0
31656.0
31543.0
31498.0
31752.0
31472.0
31757.0
31748.0
31494.0
31680.0
31501.0
31382.0
32283.0
31885.0
31572.0
31401.0
31640.0
31488.0
31665.0
31898.0
31402.0
32021.0
31720.0
31881.0
31452.0
31548.0
32280.0
31704.0
31710.0
31342.0
31634.0
31693.0
31625.0
31331.0
31488.0
31333.0
31444.0
31458.0
32236.0
31436.0
31336.0
31670.0
31464.0
31454.0
31612.0
31423.0
32015.0
31384.0
31600.0
31417.0
32233.0
31448.0
31607.0
31600.0
32191.0
31574.0
32201.0
31995.0
32213.0
31479.0
32219.0
31399.0
31446.0
31437.0
31573.0
31628.0
31284.0
31627.0
32173.0
31350.0
32398.0
31634.0
31967.0
31568.0
31450.0
31761.0
31398.0
31386.0
31549.0
32161.0
31933.0
31748.0
31410.0
31331.0
31329.0
32142.0
31844.0
31323.0
31485.0
31318.0
31363.0
31216.0
31507.0
32347.0
31208.0
31202.0
31192.0
32119.0
31535.0
31494.0
31192.0
31258.0
31327.0
31550.0
31691.0
32080.0
31476.0
31710.0
32075.0
32317.0
31322.0
31694.0
31467.0
32299.0
31490.0
31295.0
31457.0
32056.0
31459.0
31439.0
31510.0
31264.0
31263.0
31442.0
31145.0
31236.0
31669.0
31257.0
31367.0
31436.0
31393.0
31137.0
31671.0
32036.0
31142.0
31435.0
32021.0
31262.0
31433.0
31488.0
31396.0
31235.0
31120.0
31280.0
31307.0
31218.0
31303.0
31415.0
31531.0
31406.0
31257.0
31404.0
31401.0
31789.0
31606.0
31247.0
31225.0
31274.0
31211.0
31444.0
31450.0
31973.0
31092.0
31191.0
31189.0
31381.0
31208.0
31431.0
31599.0
31327.0
31074.0
31200.0
31757.0
31948.0
31566.0
31418.0
31583.0
31207.0
32139.0
31058.0
31156.0
31197.0
31288.0
31151.0
32019.0
31388.0
31287.0
31176.0
31270.0
31138.0
31270.0
31131.0
31719.0
31212.0
31155.0
31544.0
31317.0
31311.0
31701.0
31121.0
31118.0
31905.0
31115.0
31510.0
31902.0
31247.0
31281.0
31293.0
31095.0
31680.0
31258.0
31064.0
31279.0
31122.0
32101.0
31202.0
31078.0
31075.0
31099.0
31111.0
31240.0
31926.0
31236.0
31933.0
31848.0
31825.0
32028.0
31257.0
31106.0
31077.0
31650.0
31626.0
31543.0
31815.0
30942.0
31807.0
31801.0
31047.0
31015.0
31810.0
31207.0
31014.0
30971.0
30988.0
31198.0
31002.0
31009.0
31880.0
31239.0
31411.0
30904.0
31537.0
31986.0
31796.0
31178.0
31165.0
30979.0
30980.0
31298.0
31681.0
31834.0
31127.0
31038.0
31194.0
30955.0
31006.0
30963.0
31735.0
30985.0
31205.0
31145.0
30950.0
31357.0
31914.0
30948.0
31172.0
31944.0
30944.0
31705.0
31131.0
31698.0
31743.0
30919.0
31681.0
30808.0
31108.0
30917.0
31686.0
30954.0
30910.0
31490.0
30901.0
30792.0
31314.0
30784.0
30879.0
31032.0
31127.0
31005.0
31050.0
31066.0
30876.0
31677.0
31112.0
30893.0
31644.0
30864.0
31030.0
31016.0
30851.0
31045.0
31038.0
30988.0
30847.0
30838.0
31250.0
31869.0
31242.0
31609.0
31003.0
30835.0
31186.0
30957.0
30966.0
31385.0
30801.0
31600.0
30824.0
30873.0
31540.0
31831.0
31066.0
30826.0
30884.0
30933.0
30814.0
31127.0
31046.0
30811.0
31392.0
30957.0
30808.0
31833.0
30799.0
30775.0
30954.0
30820.0
31207.0
30968.0
30796.0
30794.0
31502.0
30980.0
30834.0
30785.0
30788.0
31816.0
31290.0
30957.0
30771.0
30959.0
31027.0
31359.0
30791.0
30666.0
30917.0
30753.0
30752.0
30798.0
31465.0
31083.0
30900.0
31724.0
30797.0
30751.0
30788.0
30768.0
30746.0
30643.0
31063.0
31530.0
31542.0
30621.0
30750.0
30768.0
30909.0
31567.0
31435.0
31495.0
30833.0
30749.0
31021.0
30973.0
30707.0
30616.0
30737.0
30758.0
31525.0
30701.0
30709.0
31520.0
31553.0
30739.0
30837.0
31089.0
31547.0
31110.0
30727.0
30665.0
31533.0
30937.0
30681.0
30729.0
31494.0
30680.0
30702.0
31450.0
30684.0
30677.0
30672.0
30873.0
30850.0
30672.0
31473.0
31478.0
31532.0
30698.0
30905.0
31688.0
30666.0
31668.0
30790.0
30656.0
31533.0
30888.0
30656.0
30655.0
31657.0
30541.0
30769.0
30694.0
30994.0
31159.0
31037.0
31349.0
30799.0
31145.0
31435.0
30632.0
31478.0
31443.0
30627.0
30795.0
30755.0
30773.0
31135.0
30603.0
30779.0
30852.0
30770.0
31606.0
30610.0
31102.0
31652.0
30648.0
31419.0
31593.0
31607.0
30639.0
30587.0
30625.0
30625.0
30996.0
31461.0
31463.0
31436.0
30994.0
30721.0
30629.0
30827.0
30721.0
31002.0
31338.0
30619.0
30568.0
30567.0
31339.0
31117.0
30567.0
31363.0
30457.0
30746.0
31406.0
30729.0
30747.0
30552.0
31045.0
30555.0
31426.0
30737.0
30733.0
30594.0
30788.0
30447.0
30857.0
30663.0
30724.0
30795.0
30565.0
31352.0
30653.0
30576.0
30577.0
31379.0
31107.0
30771.0
30548.0
30567.0
31028.0
30525.0
30758.0
30643.0
31369.0
30504.0
30694.0
31051.0
30667.0
30656.0
30798.0
30683.0
30536.0
30508.0
30648.0
30655.0
30474.0
30507.0
31018.0
31188.0
31278.0
30504.0
30632.0
30796.0
30486.0
30608.0
30604.0
30650.0
30629.0
30600.0
30504.0
30615.0
30640.0
30494.0
30604.0
30612.0
30614.0
30331.0
31320.0
30571.0
30793.0
31425.0
31213.0
31475.0
30561.0
31136.0
30679.0
30664.0
30673.0
31285.0
31125.0
30577.0
31390.0
31214.0
30582.0
30530.0
30944.0
30558.0
30436.0
30747.0
31180.0
31264.0
30567.0
30565.0
30540.0
30414.0
30372.0
30693.0
30777.0
31363.0
30358.0
31066.0
30472.0
30512.0
30865.0
30479.0
31200.0
31150.0
30340.0
30933.0
30377.0
30311.0
30506.0
30359.0
31130.0
30521.0
30907.0
31095.0
31115.0
30363.0
30355.0
30712.0
30457.0
30711.0
30492.0
31261.0
30800.0
30864.0
30333.0
31107.0
31266.0
31141.0
30866.0
30447.0
30451.0
31245.0
30852.0
30262.0
30303.0
31028.0
30150.0
31291.0
30668.0
30829.0
30824.0
30760.0
30485.0
31091.0
31044.0
30759.0
30381.0
31235.0
31030.0
30110.0
30928.0
31236.0
30465.0
31240.0
30978.0
31036.0
30745.0
30224.0
30215.0
30234.0
30350.0
30181.0
31000.0
30721.0
30372.0
30767.0
30973.0
30334.0
30888.0
30341.0
30331.0
30207.0
30738.0
30313.0
30151.0
31177.0
30302.0
30962.0
30471.0
30531.0
30847.0
30158.0
30982.0
30661.0
30520.0
30019.0
30646.0
30839.0
30259.0
30922.0
30671.0
30343.0
31082.0
30096.0
30256.0
30220.0
30906.0
31046.0
30123.0
30241.0
30954.0
30240.0
30312.0
29960.0
30113.0
30208.0
30066.0
30056.0
30744.0
30597.0
30077.0
30449.0
30532.0
30285.0
31072.0
30884.0
30723.0
30196.0
30726.0
29904.0
30062.0
31019.0
30604.0
31031.0
30783.0
31031.0
30972.0
30526.0
30148.0
30516.0
30172.0
30483.0
30570.0
30569.0
30560.0
30145.0
29970.0
30156.0
30732.0
30215.0
30116.0
30540.0
30752.0
30753.0
30493.0
30647.0
30638.0
30101.0
30892.0
30499.0
30470.0
30492.0
30097.0
29889.0
30309.0
30070.0
30693.0
30431.0
30660.0
30677.0
30663.0
30420.0
30151.0
30349.0
30414.0
29994.0
29830.0
30689.0
30800.0
29984.0
29817.0
29988.0
30398.0
29993.0
30457.0
30832.0
29847.0
30379.0
30331.0
30379.0
30502.0
30371.0
30660.0
30122.0
29678.0
29961.0
30355.0
30346.0
30290.0
30330.0
29926.0
30472.0
30750.0
30641.0
30561.0
29799.0
30461.0
29910.0
29927.0
30561.0
30308.0
30289.0
30315.0
30330.0
30135.0
29780.0
29916.0
29904.0
29898.0
30399.0
30221.0
30292.0
30310.0
29904.0
29904.0
30535.0
30731.0
30301.0
30288.0
30286.0
30289.0
30226.0
30288.0
30495.0
29858.0
30733.0
29892.0
30281.0
29951.0
30341.0
30268.0
30272.0
30561.0
30666.0
29852.0
30207.0
30388.0
30387.0
29838.0
30492.0
30330.0
30244.0
30503.0
30249.0
30417.0
29669.0
29800.0
30204.0
30438.0
30407.0
30436.0
30200.0
30162.0
30427.0
30293.0
29508.0
30319.0
30186.0
30407.0
30413.0
30418.0
29637.0
30607.0
29755.0
30162.0
30373.0
30270.0
30241.0
30446.0
29728.0
30375.0
30267.0
30130.0
30597.0
30553.0
30119.0
30069.0
30186.0
29686.0
29712.0
29695.0
30341.0
30400.0
30221.0
30316.0
30082.0
30262.0
29536.0
30081.0
30341.0
29653.0
30061.0
30269.0
29657.0
30157.0
29631.0
30502.0
30025.0
29636.0
30040.0
30234.0
30158.0
30029.0
30119.0
29998.0
29590.0
30305.0
29599.0
30004.0
30177.0
29992.0
30119.0
29591.0
29999.0
29573.0
30114.0
30110.0
30106.0
29979.0
30103.0
30279.0
29980.0
29967.0
29910.0
29566.0
29556.0
29943.0
29943.0
29550.0
30080.0
29958.0
30245.0
30225.0
29939.0
30068.0
30174.0
30395.0
30212.0
29393.0
29932.0
30211.0
30050.0
29855.0
29921.0
30370.0
29503.0
30018.0
29914.0
29894.0
29311.0
30146.0
30258.0
30251.0
29430.0
29815.0
30261.0
29454.0
30150.0
30102.0
29837.0
30252.0
30247.0
30122.0
30147.0
29446.0
30273.0
29962.0
29405.0
30176.0
29912.0
29363.0
29790.0
29873.0
30220.0
29373.0
29388.0
30042.0
30053.0
30207.0
30228.0
29774.0
29685.0
29689.0
29364.0
29692.0
30026.0
30009.0
30168.0
29742.0
24098.0
29862.0
29862.0
29923.0
30124.0
30029.0
30189.0
29953.0
29990.0
30019.0
30123.0
30175.0
29680.0
29676.0
29981.0
29253.0
29974.0
29972.0
29822.0
29718.0
29306.0
29309.0
30127.0
29675.0
29640.0
29299.0
30091.0
30114.0
29813.0
30116.0
29683.0
29785.0
29253.0
30094.0
30031.0
29882.0
29208.0
29892.0
30022.0
29858.0
29949.0
29539.0
29823.0
29464.0
29648.0
29790.0
29638.0
29942.0
29743.0
29765.0
29708.0
29861.0
29420.0
29417.0
29823.0
29703.0
29837.0
29685.0
29523.0
29797.0
29507.0
29796.0
29498.0
29068.0
28791.0
29711.0
28864.0
29263.0
23641.0
28993.0
29397.0
29670.0
29628.0
29365.0
29656.0
29523.0
29515.0
29502.0
29500.0
29511.0
29339.0
28812.0
29507.0
29128.0
29661.0
23561.0
29190.0
28945.0
29444.0
29570.0
29517.0
29561.0
29552.0
28813.0
29376.0
29067.0
29345.0
29186.0
28966.0
28744.0
29396.0
29284.0
28953.0
29402.0
29380.0
29190.0
29380.0
28508.0
29196.0
23267.0
28896.0
28465.0
29226.0
28386.0
29248.0
29065.0
23149.0
28330.0
29216.0
28489.0
23068.0
23063.0
28159.0
28250.0
29063.0
29082.0
28205.0
28042.0
28139.0
22930.0
22924.0
28045.0
28224.0
28391.0
27941.0
27882.0
27867.0
27878.0
28022.0
27831.0
22573.0
27939.0
27775.0
27613.0
27614.0
28124.0
27647.0
27571.0
27563.0
27550.0
28084.0
27692.0
27669.0
27979.0
27962.0
27934.0
27658.0
27459.0
27408.0
27585.0
27282.0
27385.0
27460.0
27332.0
27339.0
27336.0
27193.0
27264.0
27171.0
27359.0
22031.0
27202.0
27192.0
27294.0
27032.0
21896.0
27140.0
26936.0
27100.0
27018.0
21768.0
26859.0
27034.0
26817.0
26983.0
26963.0
26837.0
26898.0
21563.0
26682.0
21501.0
26587.0
26756.0
26807.0
26765.0
26697.0
21230.0
26512.0
21210.0
26422.0
21012.0
20932.0
26023.0
20801.0
26104.0
26118.0
25620.0
20374.0
25440.0
25421.0
25446.0
25373.0
25205.0
25188.0
24984.0
24948.0
25463.0
25229.0
25608.0
25096.0
25606.0
25089.0
24900.0
24878.0
25410.0
24891.0
25030.0
25344.0
25026.0
25319.0
24786.0
25082.0
24999.0
24790.0
24952.0
25349.0
24762.0
25281.0
24929.0
24782.0
25280.0
24907.0
25108.0
24911.0
24719.0
24707.0
25196.0
25281.0
24881.0
24808.0
24669.0
25214.0
24663.0
24656.0
24650.0
24808.0
25141.0
24622.0
24621.0
25174.0
24782.0
24959.0
24789.0
25324.0
25316.0
24646.0
24780.0
24758.0
24761.0
24586.0
24745.0
25256.0
24581.0
25382.0
24579.0
24753.0
25154.0
24735.0
25099.0
24601.0
24563.0
25077.0
24747.0
24767.0
24739.0
25251.0
24549.0
25327.0
24873.0
24719.0
24565.0
24682.0
24683.0
24671.0
24673.0
19520.0
24527.0
24491.0
25198.0
24652.0
25165.0
24691.0
25104.0
24980.0
24510.0
24703.0
24491.0
25140.0
24476.0
24758.0
24463.0
24503.0
22551.0
24655.0
24612.0
24445.0
24736.0
24737.0
24618.0
25287.0
24658.0
25411.0
24751.0
25169.0
24429.0
24963.0
24935.0
24439.0
25054.0
24450.0
25232.0
24613.0
24577.0
24714.0
24571.0
25212.0
24948.0
24740.0
24948.0
24495.0
24898.0
24939.0
24908.0
24374.0
25146.0
24372.0
24958.0
24662.0
24575.0
24910.0
24394.0
24892.0
24572.0
24350.0
24351.0
24343.0
24894.0
24932.0
24939.0
24724.0
24636.0
25236.0
24871.0
24846.0
24693.0
24517.0
24504.0
24333.0
24332.0
24504.0
24499.0
25130.0
24670.0
24444.0
25005.0
24347.0
24817.0
25040.0
24497.0
24438.0
24826.0
24357.0
24345.0
24922.0
24921.0
24917.0
25116.0
24866.0
24501.0
24937.0
24970.0
24423.0
22369.0
24415.0
24426.0
24443.0
25005.0
24885.0
24794.0
24946.0
24303.0
24478.0
24324.0
24445.0
25046.0
24337.0
24590.0
24267.0
24429.0
24440.0
24771.0
25005.0
24287.0
24322.0
24630.0
25070.0
24798.0
24373.0
24271.0
25083.0
24377.0
24537.0
24535.0
24600.0
24463.0
24245.0
24389.0
24855.0
24537.0
24735.0
24371.0
24558.0
24212.0
24217.0
24755.0
24375.0
24517.0
24255.0
24407.0
24941.0
24587.0
24755.0
24787.0
24547.0
24914.0
22285.0
24216.0
24483.0
24942.0
24314.0
24491.0
24365.0
24742.0
24354.0
24337.0
24189.0
24225.0
24325.0
24545.0
24501.0
24991.0
24378.0
24696.0
24721.0
24667.0
24165.0
24702.0
24207.0
24164.0
24539.0
24336.0
24667.0
24155.0
24453.0
24321.0
24501.0
24678.0
24474.0
24452.0
24340.0
24772.0
24821.0
24900.0
24271.0
24500.0
24444.0
24934.0
24156.0
24663.0
24427.0
24139.0
24935.0
24836.0
24937.0
24134.0
24448.0
24656.0
24811.0
24153.0
24421.0
24303.0
24401.0
24856.0
24314.0
24467.0
24381.0
24114.0
24261.0
24102.0
24276.0
24849.0
24626.0
24436.0
24604.0
24445.0
24097.0
24105.0
24130.0
24453.0
24142.0
24602.0
24680.0
24298.0
24084.0
24242.0
24658.0
24424.0
24391.0
24088.0
24355.0
24768.0
24094.0
24235.0
24477.0
24196.0
24882.0
24079.0
24246.0
24263.0
24257.0
24347.0
24222.0
24118.0
24364.0
24627.0
24428.0
24321.0
22135.0
24404.0
24396.0
24047.0
24179.0
24067.0
24627.0
24554.0
24706.0
24190.0
24405.0
24196.0
24424.0
24828.0
24046.0
24353.0
24585.0
24627.0
24568.0
24237.0
24399.0
24777.0
24814.0
24178.0
24419.0
24337.0
24376.0
24322.0
24784.0
24232.0
24162.0
24231.0
24137.0
24205.0
24684.0
24321.0
24178.0
24229.0
24344.0
24418.0
24171.0
24211.0
24673.0
24294.0
24061.0
24987.0
24285.0
24885.0
24330.0
24167.0
24291.0
24514.0
22079.0
23984.0
24370.0
24018.0
24288.0
24299.0
24279.0
24671.0
24361.0
24014.0
24491.0
24490.0
24130.0
24567.0
23997.0
24120.0
23982.0
24100.0
23986.0
24089.0
24763.0
24465.0
24125.0
24015.0
24478.0
24639.0
24974.0
23989.0
24140.0
24250.0
24750.0
24361.0
24759.0
24224.0
24246.0
24104.0
24079.0
24237.0
24094.0
24495.0
24500.0
24131.0
24345.0
24787.0
24795.0
24139.0
24104.0
24301.0
24489.0
24652.0
24302.0
24221.0
23980.0
24214.0
24304.0
24231.0
24325.0
24787.0
24085.0
24660.0
25020.0
24295.0
24229.0
24463.0
23945.0
24268.0
24426.0
24584.0
23956.0
24329.0
24787.0
24783.0
24184.0
23920.0
24097.0
24291.0
24943.0
23959.0
24425.0
24055.0
24249.0
24539.0
24170.0
24674.0
24261.0
24229.0
23914.0
24071.0
24415.0
24027.0
24669.0
24468.0
24427.0
24265.0
24014.0
24651.0
24610.0
24177.0
24062.0
24076.0
24180.0
23925.0
24649.0
24419.0
24019.0
24213.0
24176.0
23900.0
23918.0
24244.0
23893.0
24898.0
24151.0
23904.0
24575.0
24433.0
24241.0
24468.0
24062.0
24487.0
24158.0
24071.0
23994.0
24231.0
24893.0
23912.0
24474.0
24029.0
24269.0
24209.0
24373.0
24655.0
23914.0
24255.0
24271.0
21941.0
24464.0
24401.0
24388.0
23940.0
23889.0
24197.0
24117.0
23940.0
23999.0
24679.0
24148.0
24462.0
24464.0
24349.0
24446.0
24113.0
24286.0
24827.0
23929.0
23925.0
24377.0
24396.0
24199.0
24555.0
24015.0
24654.0
24153.0
24651.0
23987.0
24223.0
24223.0
24389.0
24633.0
23968.0
24649.0
23871.0
24131.0
24258.0
23890.0
24580.0
24659.0
23842.0
24332.0
24363.0
24603.0
23983.0
24018.0
24219.0
24440.0
24334.0
23855.0
24493.0
24348.0
24332.0
24448.0
23940.0
24397.0
24708.0
24148.0
24626.0
23977.0
23959.0
24412.0
24110.0
23822.0
23932.0
24607.0
23936.0
24023.0
24615.0
24171.0
23844.0
23965.0
23920.0
24335.0
24079.0
24491.0
24135.0
23803.0
24359.0
23936.0
24442.0
24138.0
21876.0
24009.0
24356.0
24505.0
24482.0
23951.0
24428.0
24177.0
23791.0
24359.0
23829.0
23871.0
24006.0
24120.0
23958.0
24630.0
23999.0
24162.0
23841.0
24134.0
24387.0
24202.0
24004.0
23935.0
23910.0
23900.0
24205.0
24063.0
24647.0
24069.0
24272.0
24565.0
23956.0
24061.0
23785.0
23850.0
24588.0
23840.0
23928.0
24107.0
23815.0
24390.0
24092.0
23961.0
23803.0
24082.0
24580.0
24049.0
24297.0
24254.0
24484.0
23806.0
24517.0
24067.0
23777.0
24588.0
24169.0
23753.0
24240.0
24573.0
24283.0
24713.0
23915.0
24786.0
24244.0
23777.0
24283.0
24078.0
24358.0
24253.0
24296.0
24231.0
24408.0
24069.0
24034.0
24441.0
23812.0
24702.0
24112.0
24230.0
23732.0
24343.0
24517.0
24071.0
24570.0
24747.0
24067.0
24070.0
24268.0
23882.0
24153.0
24141.0
24530.0
24299.0
24250.0
24241.0
24076.0
24439.0
24083.0
24130.0
24811.0
23933.0
24114.0
24235.0
23734.0
23906.0
24450.0
24289.0
24237.0
24492.0
24033.0
24446.0
24109.0
23737.0
23725.0
23830.0
23729.0
24071.0
24045.0
24278.0
24079.0
24201.0
24430.0
24008.0
24287.0
24275.0
23999.0
23782.0
23841.0
23846.0
23773.0
23842.0
24321.0
23988.0
23873.0
24052.0
23702.0
23709.0
24239.0
24488.0
24377.0
23778.0
23720.0
24038.0
24204.0
24099.0
24259.0
23880.0
23706.0
24049.0
23910.0
23729.0
23699.0
24034.0
23679.0
24080.0
24550.0
24198.0
24180.0
24351.0
23891.0
24638.0
24098.0
23709.0
24458.0
23713.0
24533.0
24530.0
23862.0
23691.0
23952.0
23866.0
23700.0
23888.0
24325.0
24409.0
24168.0
23671.0
23743.0
24544.0
23735.0
24003.0
24041.0
24015.0
23737.0
23684.0
23697.0
23856.0
23671.0
24466.0
23950.0
23747.0
24003.0
24006.0
24333.0
23945.0
23959.0
23674.0
24211.0
23795.0
24496.0
23965.0
24019.0
23976.0
24196.0
24470.0
24551.0
24528.0
23658.0
23794.0
24294.0
24625.0
23766.0
23786.0
24354.0
24350.0
23860.0
23907.0
23940.0
21723.0
23926.0
23810.0
23825.0
23809.0
23830.0
23628.0
23657.0
24339.0
24663.0
24168.0
23950.0
23983.0
23679.0
23995.0
24009.0
23941.0
23956.0
24448.0
24263.0
23832.0
23848.0
23793.0
23974.0
24216.0
23715.0
24318.0
24604.0
24468.0
23683.0
24270.0
24001.0
23715.0
24024.0
24441.0
23913.0
23941.0
24221.0
24421.0
23976.0
23695.0
23703.0
23745.0
23822.0
24001.0
23969.0
23640.0
23982.0
23888.0
24415.0
23626.0
23630.0
24423.0
24208.0
23738.0
23695.0
24181.0
23892.0
23875.0
23887.0
23783.0
23945.0
24388.0
23682.0
23724.0
23727.0
24604.0
24374.0
24144.0
24577.0
23680.0
23927.0
23674.0
23609.0
23971.0
24684.0
23639.0
23724.0
24290.0
24162.0
24114.0
23899.0
24216.0
24085.0
24180.0
23725.0
23858.0
24229.0
23599.0
24188.0
23629.0
24463.0
23723.0
23759.0
24140.0
23914.0
23906.0
23657.0
23953.0
23967.0
23955.0
23588.0
23658.0
24188.0
24470.0
24655.0
24503.0
23704.0
23568.0
23748.0
23579.0
23719.0
23586.0
23756.0
24292.0
23955.0
23933.0
24376.0
24431.0
24201.0
24131.0
24154.0
23868.0
23612.0
23940.0
23881.0
24398.0
23846.0
23743.0
23939.0
23790.0
24130.0
24418.0
23689.0
24088.0
24521.0
23570.0
23647.0
23958.0
24576.0
24415.0
24103.0
23934.0
23851.0
23605.0
24142.0
23843.0
24418.0
23890.0
24443.0
23839.0
23860.0
24226.0
24335.0
23649.0
23907.0
23552.0
23951.0
23940.0
23864.0
23726.0
24513.0
23567.0
23763.0
23639.0
24339.0
24093.0
23544.0
24196.0
24614.0
23679.0
23688.0
24512.0
23744.0
23947.0
24243.0
23676.0
24432.0
24073.0
24183.0
24288.0
24354.0
23611.0
23653.0
23563.0
23546.0
23662.0
24531.0
23924.0
24241.0
24271.0
24090.0
23825.0
23552.0
23692.0
24124.0
23816.0
23812.0
23808.0
23616.0
23511.0
23709.0
23825.0
23565.0
24506.0
23525.0
23834.0
24033.0
23693.0
24369.0
24039.0
24201.0
24508.0
23867.0
23521.0
23968.0
23614.0
24237.0
23559.0
23640.0
23552.0
23640.0
23882.0
24016.0
24063.0
24120.0
23829.0
23849.0
24080.0
23825.0
23892.0
23831.0
23720.0
23773.0
23517.0
24371.0
23523.0
24535.0
23653.0
23626.0
23951.0
24056.0
24482.0
24466.0
24287.0
23945.0
23558.0
24285.0
23676.0
24464.0
23844.0
24356.0
24388.0
23535.0
23634.0
23702.0
23826.0
23828.0
23519.0
24521.0
23488.0
23541.0
23513.0
24015.0
24013.0
23586.0
24389.0
23651.0
23789.0
24153.0
23663.0
23564.0
23484.0
23915.0
23566.0
23910.0
23820.0
23482.0
24281.0
23812.0
24099.0
23522.0
24155.0
23498.0
23467.0
23611.0
23902.0
24049.0
24332.0
24029.0
23782.0
23762.0
23510.0
24445.0
24016.0
23558.0
24116.0
24281.0
23521.0
23639.0
23632.0
24032.0
24151.0
23471.0
24455.0
24105.0
23617.0
23797.0
23855.0
23496.0
24040.0
24000.0
23808.0
24145.0
23883.0
23788.0
23618.0
23540.0
23903.0
24084.0
24285.0
23835.0
23611.0
24104.0
23976.0
23587.0
23580.0
23457.0
24462.0
23957.0
23578.0
24437.0
23817.0
23761.0
24439.0
24114.0
23669.0
23644.0
23466.0
23653.0
24042.0
23992.0
23432.0
24343.0
24013.0
23731.0
23437.0
24473.0
23848.0
23521.0
24449.0
23775.0
24089.0
24238.0
23476.0
23530.0
24301.0
23698.0
23631.0
23514.0
23692.0
23486.0
23749.0
23647.0
24079.0
24347.0
23765.0
24037.0
23509.0
23508.0
24156.0
23697.0
23967.0
24528.0
23499.0
22463.0
23501.0
23637.0
23627.0
23582.0
23957.0
24025.0
23606.0
23551.0
23541.0
23778.0
24421.0
23724.0
23471.0
23456.0
23847.0
23762.0
23922.0
24082.0
24186.0
23445.0
24052.0
23834.0
23950.0
23545.0
23903.0
23975.0
24449.0
23499.0
23963.0
24082.0
23536.0
23420.0
24104.0
23446.0
23475.0
23772.0
23787.0
24420.0
23719.0
24104.0
23803.0
23689.0
24187.0
24082.0
23813.0
24013.0
24059.0
23747.0
23675.0
24403.0
24156.0
23980.0
23548.0
24088.0
24005.0
23446.0
23807.0
24031.0
23471.0
24119.0
24295.0
24272.0
23802.0
24402.0
23731.0
23950.0
23906.0
24206.0
23520.0
23528.0
23463.0
24082.0
23405.0
23507.0
24363.0
23368.0
23785.0
23787.0
24176.0
23471.0
24250.0
23691.0
23415.0
23530.0
23793.0
23800.0
23887.0
23512.0
23566.0
24272.0
23494.0
23723.0
24118.0
24342.0
24089.0
23397.0
23740.0
23896.0
23563.0
23420.0
23812.0
23876.0
23787.0
23519.0
24429.0
23990.0
23662.0
24427.0
23394.0
23715.0
23536.0
24038.0
23378.0
24275.0
23922.0
24266.0
24075.0
23971.0
23413.0
23785.0
23716.0
23908.0
24006.0
24188.0
23374.0
24182.0
23870.0
23744.0
23508.0
23755.0
24344.0
23475.0
24380.0
23866.0
24172.0
24259.0
24049.0
23340.0
23407.0
23566.0
23442.0
24143.0
23950.0
23435.0
24034.0
24023.0
23756.0
23702.0
23647.0
23396.0
23688.0
23528.0
23769.0
23624.0
23645.0
23942.0
24337.0
24171.0
23906.0
23549.0
24172.0
23730.0
23638.0
23742.0
23677.0
23927.0
24427.0
23889.0
21423.0
23362.0
24077.0
24407.0
24139.0
23973.0
23674.0
23717.0
23702.0
23714.0
23875.0
23393.0
24169.0
23550.0
23726.0
23764.0
24167.0
24377.0
23529.0
23929.0
24086.0
24397.0
23615.0
23903.0
23338.0
23996.0
23704.0
23826.0
23597.0
23425.0
24367.0
23385.0
23624.0
24173.0
23371.0
23519.0
23969.0
23847.0
23692.0
23422.0
23625.0
23468.0
23696.0
23948.0
23589.0
24066.0
24293.0
23741.0
23665.0
23898.0
24324.0
23304.0
24112.0
23724.0
23965.0
24133.0
23581.0
24313.0
23774.0
23356.0
23452.0
23917.0
23881.0
23700.0
23398.0
23724.0
23807.0
23440.0
24021.0
24005.0
23694.0
24118.0
24181.0
23450.0
23991.0
23707.0
23896.0
24193.0
24333.0
23562.0
23863.0
23344.0
23502.0
23829.0
23837.0
23371.0
23564.0
23636.0
23692.0
23938.0
24124.0
23984.0
24287.0
24192.0
23936.0
24152.0
24077.0
23800.0
24041.0
23952.0
23937.0
23715.0
23799.0
24180.0
23320.0
23480.0
23886.0
24327.0
23834.0
23622.0
23805.0
23322.0
24190.0
23501.0
24107.0
23800.0
24390.0
23894.0
23271.0
23596.0
23696.0
23682.0
23841.0
24262.0
23364.0
24149.0
23301.0
23935.0
23917.0
24185.0
24061.0
23996.0
23919.0
23669.0
24067.0
24033.0
24056.0
23894.0
23617.0
24123.0
23852.0
23772.0
24163.0
23987.0
23768.0
23631.0
23716.0
24086.0
23279.0
23955.0
23458.0
24037.0
23299.0
24222.0
23783.0
23283.0
23574.0
23268.0
23433.0
23527.0
23634.0
23468.0
24030.0
23783.0
23984.0
23836.0
23789.0
24194.0
23388.0
23821.0
23333.0
23773.0
23870.0
24223.0
23889.0
24078.0
23578.0
23672.0
23344.0
23747.0
23565.0
23301.0
23582.0
24007.0
24142.0
23338.0
23611.0
23589.0
24269.0
23823.0
23845.0
23959.0
23360.0
23868.0
24333.0
23369.0
24263.0
23339.0
23968.0
24210.0
23572.0
23416.0
23445.0
23504.0
23915.0
23596.0
23958.0
23673.0
24335.0
23910.0
23766.0
23238.0
24016.0
23883.0
23260.0
23584.0
23349.0
23631.0
23287.0
23263.0
23250.0
23627.0
23766.0
23980.0
24344.0
23997.0
23547.0
23742.0
23309.0
23512.0
23723.0
23272.0
24209.0
23575.0
23213.0
24065.0
23371.0
23629.0
23983.0
23591.0
23553.0
23723.0
23417.0
24119.0
24274.0
23607.0
23760.0
24220.0
23891.0
23556.0
23365.0
23724.0
23549.0
23604.0
24263.0
24162.0
23629.0
23787.0
24007.0
23288.0
23520.0
23647.0
23486.0
24203.0
23997.0
23337.0
23574.0
23197.0
23702.0
23538.0
23802.0
23591.0
23212.0
23790.0
23761.0
24124.0
24188.0
24086.0
23989.0
24149.0
24027.0
23734.0
24106.0
24081.0
24169.0
23826.0
24045.0
23481.0
24007.0
23770.0
23887.0
23595.0
23617.0
23586.0
23399.0
23772.0
23487.0
24211.0
24055.0
23721.0
23637.0
23276.0
24180.0
23184.0
23462.0
23734.0
23787.0
24105.0
23550.0
23540.0
24115.0
23737.0
23839.0
24123.0
23863.0
23339.0
23240.0
23797.0
23311.0
23944.0
23651.0
23248.0
23400.0
23783.0
23931.0
24210.0
24165.0
23796.0
23729.0
23625.0
23558.0
23325.0
23220.0
24214.0
23673.0
23772.0
23453.0
23798.0
24028.0
24252.0
23269.0
23571.0
23440.0
23166.0
23517.0
23639.0
23504.0
24142.0
23680.0
23731.0
23495.0
24262.0
23608.0
24143.0
23971.0
23208.0
24066.0
23892.0
23519.0
23902.0
24037.0
23900.0
23163.0
23958.0
23531.0
23514.0
23893.0
23218.0
23549.0
23193.0
23614.0
24130.0
23355.0
23820.0
23900.0
23964.0
23947.0
23957.0
24152.0
23531.0
23950.0
23761.0
23727.0
24145.0
24141.0
23897.0
23177.0
23851.0
23669.0
23486.0
23782.0
24010.0
23894.0
23788.0
23771.0
24003.0
23559.0
24192.0
23559.0
23548.0
24133.0
23696.0
23153.0
23793.0
23821.0
23476.0
23240.0
23425.0
23901.0
23854.0
23989.0
23778.0
23857.0
23578.0
24228.0
23472.0
23838.0
23229.0
23933.0
23237.0
23182.0
23750.0
23151.0
24139.0
23237.0
23305.0
23929.0
24144.0
23291.0
23291.0
23708.0
23755.0
23520.0
23547.0
23196.0
24159.0
23227.0
24100.0
23981.0
23507.0
23913.0
23514.0
23686.0
23420.0
23407.0
23503.0
23685.0
23345.0
24048.0
24130.0
23941.0
23828.0
23854.0
23825.0
23912.0
23152.0
23665.0
24030.0
24016.0
24143.0
23946.0
23449.0
23796.0
23587.0
23385.0
24145.0
23217.0
24025.0
23297.0
23703.0
23198.0
23858.0
23674.0
23945.0
23610.0
23500.0
23668.0
23757.0
23507.0
23603.0
23482.0
23254.0
23459.0
23511.0
23780.0
23814.0
23205.0
23206.0
23772.0
23380.0
23562.0
23630.0
23769.0
24157.0
23676.0
23199.0
23515.0
23942.0
23996.0
23974.0
23919.0
23939.0
23688.0
23785.0
24077.0
24083.0
23898.0
24040.0
23508.0
23305.0
23123.0
23239.0
23403.0
23371.0
23896.0
23511.0
23625.0
23756.0
23662.0
24069.0
23479.0
24099.0
23860.0
23880.0
23468.0
23993.0
23120.0
23792.0
23513.0
23105.0
23164.0
24106.0
23467.0
23909.0
24088.0
23750.0
23090.0
23480.0
23752.0
24053.0
24090.0
23359.0
23291.0
23225.0
23367.0
23112.0
23823.0
23090.0
24047.0
23084.0
23621.0
23108.0
23528.0
23673.0
23770.0
23977.0
23741.0
23893.0
23283.0
23870.0
24123.0
23524.0
23550.0
23248.0
23779.0
23417.0
23493.0
23507.0
23154.0
23860.0
23884.0
23073.0
23972.0
24099.0
23884.0
23068.0
23522.0
23624.0
23869.0
23830.0
23398.0
23709.0
23346.0
23182.0
23187.0
23592.0
23400.0
23066.0
23809.0
23589.0
23342.0
23951.0
23069.0
24069.0
24123.0
23957.0
23695.0
23347.0
24154.0
23405.0
23272.0
23071.0
23109.0
23064.0
24165.0
23840.0
23862.0
24061.0
23555.0
23392.0
23675.0
23905.0
23950.0
23469.0
23090.0
23319.0
23408.0
24068.0
23716.0
23227.0
24069.0
23062.0
23525.0
23635.0
23182.0
23691.0
23580.0
23812.0
23725.0
23586.0
23488.0
23638.0
23650.0
23409.0
24055.0
24055.0
23811.0
23140.0
23711.0
23212.0
23869.0
23849.0
23950.0
23043.0
23912.0
23093.0
23937.0
23095.0
23070.0
23940.0
23572.0
23309.0
23422.0
23574.0
24113.0
23749.0
23731.0
23123.0
23998.0
23054.0
23111.0
23790.0
24011.0
23021.0
23996.0
23301.0
24011.0
23716.0
23415.0
23820.0
23417.0
24002.0
24041.0
23390.0
23398.0
23898.0
23372.0
23753.0
24080.0
23488.0
23702.0
23828.0
23074.0
23957.0
23501.0
23835.0
23687.0
23826.0
23025.0
23816.0
23470.0
23413.0
23841.0
23563.0
23374.0
23545.0
23330.0
23671.0
23533.0
23548.0
23805.0
23281.0
23617.0
23051.0
23728.0
23475.0
23714.0
23372.0
23566.0
23677.0
23270.0
23556.0
23273.0
23086.0
23316.0
22986.0
23597.0
23815.0
23441.0
23433.0
23916.0
23635.0
23741.0
23641.0
23421.0
23125.0
23702.0
23157.0
23822.0
23658.0
23088.0
23021.0
23914.0
23286.0
24072.0
23414.0
23617.0
23836.0
23805.0
23535.0
23498.0
23529.0
23575.0
23955.0
23959.0
23569.0
24065.0
23795.0
23069.0
23989.0
23495.0
23762.0
23784.0
23966.0
23158.0
23472.0
23999.0
24054.0
23892.0
23030.0
23392.0
23896.0
23157.0
23965.0
23990.0
23461.0
23522.0
23454.0
23019.0
23823.0
23624.0
23022.0
23333.0
23622.0
23716.0
24084.0
24071.0
23536.0
23913.0
23483.0
23942.0
23570.0
23510.0
23987.0
23458.0
23950.0
23260.0
23074.0
23915.0
23247.0
21052.0
23567.0
23486.0
23503.0
23442.0
23459.0
23729.0
24082.0
23805.0
23829.0
23167.0
23341.0
23541.0
23648.0
23789.0
23140.0
23632.0
23995.0
23311.0
23313.0
23036.0
23604.0
24015.0
23303.0
23150.0
24011.0
23392.0
24006.0
24006.0
23531.0
23575.0
22982.0
23802.0
23630.0
23587.0
23534.0
23615.0
23480.0
23144.0
23964.0
23291.0
23229.0
23568.0
23769.0
23459.0
23491.0
23854.0
22941.0
23153.0
23434.0
23024.0
22937.0
23519.0
23653.0
24000.0
23973.0
22971.0
23310.0
23625.0
23951.0
23768.0
23154.0
23073.0
22989.0
23623.0
23900.0
23835.0
22979.0
23378.0
23622.0
24032.0
22957.0
22930.0
23798.0
23994.0
22986.0
23670.0
23382.0
23239.0
22954.0
23193.0
23088.0
23269.0
23678.0
23263.0
23383.0
23844.0
23272.0
23616.0
23567.0
23088.0
23277.0
23736.0
23101.0
23496.0
23805.0
23354.0
23342.0
23649.0
22929.0
23084.0
23590.0
23081.0
24034.0
23368.0
23970.0
23787.0
23563.0
23708.0
23508.0
23434.0
23629.0
23360.0
23950.0
23720.0
22901.0
23819.0
23254.0
23777.0
23864.0
23685.0
23349.0
23069.0
23624.0
23556.0
23703.0
23994.0
22896.0
23731.0
23936.0
23899.0
24011.0
23726.0
23713.0
23806.0
23489.0
23661.0
23263.0
23406.0
23778.0
23326.0
23235.0
21944.0
23912.0
23713.0
23061.0
23310.0
23716.0
23063.0
23341.0
22982.0
23169.0
23263.0
23571.0
23583.0
23519.0
23537.0
23556.0
22897.0
23982.0
23343.0
23164.0
23709.0
23536.0
23239.0
23910.0
23047.0
23162.0
23045.0
23160.0
24001.0
23740.0
23649.0
23719.0
23804.0
23939.0
23541.0
23853.0
23799.0
23590.0
22964.0
23556.0
23782.0
23867.0
23087.0
23412.0
23562.0
23270.0
23715.0
23553.0
23188.0
23442.0
23891.0
22870.0
23203.0
23866.0
23791.0
23513.0
23877.0
23839.0
23236.0
22996.0
23160.0
23368.0
23454.0
23966.0
23503.0
23199.0
23424.0
23146.0
23765.0
23779.0
23631.0
23043.0
23778.0
23854.0
22906.0
23718.0
23843.0
23213.0
23066.0
23384.0
23133.0
23284.0
23791.0
23054.0
23552.0
23967.0
23131.0
23335.0
23055.0
23886.0
23532.0
23298.0
23695.0
23313.0
23557.0
23027.0
23011.0
23004.0
23789.0
23621.0
23956.0
23977.0
23126.0
23634.0
23078.0
22809.0
23287.0
23734.0
23328.0
23124.0
23519.0
23526.0
23500.0
23937.0
22908.0
23385.0
23352.0
23626.0
23397.0
23669.0
23494.0
23379.0
23294.0
23570.0
23230.0
23797.0
23349.0
23432.0
23813.0
23852.0
23756.0
23740.0
22930.0
23460.0
23543.0
23758.0
23257.0
22888.0
23302.0
22965.0
23253.0
23188.0
23855.0
23261.0
23700.0
23108.0
23835.0
23461.0
23520.0
22847.0
23481.0
23167.0
22961.0
23414.0
23454.0
23236.0
22889.0
23277.0
23110.0
23396.0
23799.0
22993.0
23227.0
22863.0
23162.0
23119.0
23632.0
23578.0
22875.0
23013.0
23317.0
23726.0
23624.0
23186.0
23888.0
23192.0
23837.0
22835.0
23876.0
23733.0
23220.0
23538.0
23298.0
23516.0
23283.0
23657.0
20907.0
23801.0
23735.0
23904.0
23536.0
23841.0
22998.0
22839.0
23832.0
23725.0
23789.0
23350.0
23024.0
20894.0
23635.0
23790.0
22803.0
20895.0
23320.0
23647.0
22974.0
23074.0
23264.0
23506.0
23673.0
23076.0
23734.0
22935.0
23307.0
23183.0
23303.0
23878.0
23728.0
23604.0
23806.0
23620.0
23847.0
23631.0
23829.0
23613.0
23218.0
22938.0
23462.0
23189.0
23875.0
23718.0
23133.0
23338.0
23872.0
23738.0
23704.0
22846.0
23077.0
23507.0
23743.0
22890.0
23311.0
23890.0
22896.0
23783.0
22823.0
23911.0
23244.0
23810.0
23250.0
22916.0
23628.0
23693.0
22799.0
23324.0
23229.0
23833.0
22950.0
23868.0
23531.0
23389.0
23608.0
23245.0
23673.0
23736.0
23114.0
23510.0
23597.0
23579.0
23365.0
23806.0
23613.0
23152.0
23825.0
23196.0
22822.0
23865.0
23573.0
23637.0
23233.0
22908.0
22877.0
23892.0
23434.0
23458.0
22965.0
22796.0
23150.0
23336.0
23109.0
23626.0
21819.0
23863.0
23483.0
23235.0
23589.0
23867.0
23214.0
23140.0
23612.0
23239.0
23557.0
22816.0
23309.0
23807.0
23756.0
23681.0
23806.0
23033.0
23674.0
22815.0
23769.0
23784.0
23627.0
23796.0
23338.0
22788.0
23471.0
23500.0
23192.0
23596.0
23198.0
23184.0
23031.0
23311.0
23564.0
23595.0
23059.0
23742.0
23798.0
23634.0
23364.0
23356.0
23535.0
23308.0
23247.0
22788.0
23562.0
23718.0
23820.0
23095.0
23804.0
23766.0
23350.0
22943.0
23188.0
22876.0
22913.0
23287.0
23581.0
23101.0
23277.0
23297.0
23337.0
22792.0
23443.0
22789.0
23383.0
22871.0
23475.0
23341.0
23254.0
23740.0
23630.0
23383.0
23147.0
22935.0
23759.0
23271.0
23660.0
23330.0
23083.0
23593.0
23017.0
23512.0
23376.0
23258.0
23575.0
23526.0
23323.0
23739.0
23106.0
23363.0
23547.0
23800.0
23822.0
23815.0
23456.0
23009.0
23222.0
23630.0
23812.0
23356.0
23042.0
23075.0
23541.0
23440.0
23834.0
23624.0
22765.0
22857.0
21762.0
22995.0
22739.0
22851.0
22873.0
23452.0
23002.0
23097.0
23710.0
23493.0
23646.0
23453.0
23656.0
23739.0
23423.0
23197.0
23651.0
23749.0
23720.0
23611.0
23265.0
23125.0
23724.0
23622.0
23008.0
23407.0
23560.0
23497.0
23589.0
23033.0
23655.0
23461.0
22720.0
22969.0
23500.0
23348.0
22732.0
23732.0
23731.0
23066.0
23648.0
23675.0
23676.0
23716.0
23221.0
23652.0
23698.0
23079.0
23402.0
23388.0
23585.0
22972.0
23633.0
23567.0
23131.0
22820.0
23716.0
23281.0
23677.0
22867.0
23174.0
23495.0
23016.0
22774.0
23255.0
23196.0
22835.0
23139.0
23740.0
22841.0
23695.0
23671.0
23365.0
23629.0
23475.0
22980.0
23360.0
22829.0
23377.0
23122.0
23705.0
23588.0
23507.0
23214.0
23311.0
23184.0
23500.0
22951.0
23619.0
23575.0
23341.0
23374.0
23758.0
23605.0
23715.0
23537.0
23073.0
23344.0
23518.0
23300.0
23607.0
23182.0
23081.0
22715.0
23704.0
22946.0
23020.0
23194.0
22817.0
23579.0
23405.0
23552.0
23727.0
23698.0
23745.0
22797.0
23588.0
23133.0
22702.0
22757.0
23344.0
23539.0
22724.0
23102.0
23195.0
23468.0
22997.0
23174.0
20754.0
23209.0
23409.0
23359.0
23416.0
22939.0
22825.0
23684.0
22797.0
23581.0
23733.0
22887.0
23665.0
23755.0
23338.0
22998.0
23629.0
23000.0
23503.0
23427.0
23753.0
23523.0
23493.0
22691.0
23135.0
23494.0
23681.0
22979.0
22858.0
23016.0
23389.0
23252.0
23756.0
22663.0
23297.0
23265.0
23120.0
23127.0
23580.0
23448.0
23474.0
23293.0
23543.0
23750.0
23471.0
22908.0
23615.0
22945.0
23500.0
23415.0
23485.0
23591.0
23548.0
23513.0
22700.0
23643.0
23607.0
23106.0
23702.0
23142.0
23700.0
22737.0
22950.0
23515.0
23432.0
23662.0
23011.0
23306.0
23173.0
23343.0
23460.0
22967.0
23370.0
23434.0
23596.0
22858.0
23271.0
22842.0
23704.0
23249.0
23716.0
23580.0
23678.0
23393.0
23572.0
22794.0
23588.0
23223.0
23469.0
23345.0
22745.0
22889.0
23054.0
23331.0
23391.0
23524.0
23233.0
23004.0
23619.0
23443.0
23509.0
23512.0
22607.0
22639.0
23068.0
23475.0
22613.0
23136.0
23587.0
23068.0
22951.0
23289.0
23294.0
23253.0
22984.0
23523.0
23350.0
23023.0
23258.0
23680.0
23699.0
22661.0
23551.0
23015.0
23607.0
23095.0
23545.0
23498.0
23679.0
22902.0
23431.0
23360.0
23406.0
23653.0
22776.0
23328.0
23194.0
23085.0
23348.0
22989.0
23083.0
23063.0
22895.0
22917.0
23345.0
22981.0
23443.0
23523.0
23315.0
23384.0
23674.0
23354.0
23542.0
22859.0
23342.0
23054.0
23452.0
23631.0
23390.0
23406.0
23462.0
23345.0
23202.0
23115.0
23115.0
22767.0
23541.0
23295.0
22624.0
23039.0
23255.0
23402.0
23474.0
23563.0
23672.0
23219.0
22957.0
22940.0
22979.0
23042.0
22532.0
23626.0
23165.0
23525.0
23478.0
23327.0
23279.0
23610.0
23435.0
23358.0
23367.0
23144.0
23195.0
22853.0
23468.0
23553.0
23132.0
23575.0
23118.0
23252.0
22720.0
23181.0
23361.0
22963.0
23590.0
23406.0
23355.0
22566.0
23518.0
22993.0
23027.0
23342.0
23439.0
23603.0
23379.0
23180.0
23427.0
23139.0
23013.0
23052.0
23461.0
23072.0
22993.0
23482.0
23110.0
23526.0
23268.0
23312.0
22999.0
22913.0
23675.0
23396.0
23232.0
23136.0
23589.0
23279.0
23488.0
23123.0
23120.0
23569.0
23238.0
23227.0
22999.0
23006.0
23018.0
23625.0
23602.0
23007.0
23499.0
23006.0
22924.0
22928.0
23645.0
23618.0
23134.0
23141.0
23610.0
23446.0
23453.0
23011.0
22819.0
23057.0
23628.0
23548.0
23217.0
23266.0
23600.0
23052.0
22560.0
23075.0
23002.0
22976.0
23367.0
23435.0
23253.0
23036.0
23558.0
23248.0
23262.0
23104.0
23238.0
22809.0
23618.0
23284.0
22666.0
23439.0
23611.0
23440.0
22716.0
23176.0
23211.0
23315.0
23167.0
23558.0
22840.0
23164.0
23247.0
23322.0
23325.0
23005.0
23169.0
23328.0
23168.0
23415.0
23438.0
23318.0
23172.0
23002.0
23187.0
23166.0
23274.0
23188.0
23069.0
23230.0
23415.0
23505.0
23575.0
22863.0
23268.0
22911.0
22718.0
23574.0
22791.0
20594.0
23044.0
22545.0
23216.0
23215.0
23347.0
23375.0
22925.0
22873.0
23516.0
22801.0
22551.0
23317.0
23539.0
22990.0
23564.0
23237.0
22509.0
22721.0
23063.0
23358.0
22917.0
23548.0
23549.0
22784.0
23313.0
22862.0
22840.0
23087.0
23495.0
23367.0
23305.0
23491.0
23031.0
22709.0
23583.0
23422.0
23269.0
23304.0
23344.0
22846.0
23386.0
23607.0
22930.0
23216.0
23154.0
23202.0
23486.0
23095.0
22536.0
23358.0
23486.0
23580.0
23098.0
22858.0
23556.0
22609.0
22873.0
23285.0
23279.0
23073.0
23423.0
22891.0
22899.0
23126.0
23154.0
23290.0
23361.0
23398.0
23515.0
23228.0
23374.0
23547.0
23193.0
22908.0
22691.0
22836.0
23503.0
23267.0
22749.0
23272.0
23226.0
23541.0
23215.0
23568.0
22672.0
23348.0
23500.0
23379.0
22940.0
23070.0
22668.0
23532.0
23548.0
22515.0
23008.0
23047.0
23221.0
23366.0
23339.0
22945.0
23290.0
23009.0
23455.0
23153.0
23413.0
23260.0
23144.0
23188.0
20538.0
23351.0
23511.0
22724.0
23378.0
23118.0
22802.0
23481.0
23472.0
23201.0
22900.0
23518.0
23193.0
23224.0
23174.0
22604.0
22662.0
23146.0
23096.0
22745.0
23161.0
22663.0
22783.0
23564.0
23022.0
23338.0
22785.0
23216.0
23122.0
23137.0
23140.0
22582.0
23228.0
22957.0
22528.0
23279.0
23481.0
23391.0
23325.0
22807.0
23396.0
23533.0
23526.0
22902.0
23541.0
22928.0
22877.0
23392.0
23185.0
23044.0
23157.0
23008.0
23527.0
23091.0
22840.0
23097.0
22954.0
23085.0
23169.0
23435.0
23505.0
23424.0
23360.0
22847.0
23089.0
23171.0
23210.0
22982.0
23478.0
23195.0
22995.0
22916.0
23322.0
23518.0
23223.0
23221.0
23131.0
22860.0
23482.0
23157.0
23232.0
22840.0
23124.0
23441.0
23192.0
22875.0
23231.0
22695.0
23032.0
23096.0
23143.0
22400.0
23286.0
23388.0
23084.0
23032.0
23053.0
23129.0
23221.0
23374.0
22699.0
22869.0
23332.0
22889.0
22400.0
23361.0
23412.0
23128.0
23342.0
23278.0
23092.0
23443.0
22487.0
23099.0
23237.0
23482.0
22533.0
23394.0
22592.0
23385.0
23404.0
23068.0
22942.0
23342.0
22669.0
23424.0
23102.0
22788.0
22664.0
23489.0
23154.0
23129.0
22916.0
23331.0
23288.0
23487.0
22903.0
22999.0
23099.0
22855.0
23376.0
23030.0
23389.0
23040.0
22824.0
22812.0
22879.0
22717.0
22815.0
23225.0
23450.0
23062.0
23164.0
23138.0
22848.0
23456.0
23311.0
23171.0
23288.0
23081.0
23459.0
23081.0
23228.0
22936.0
22997.0
23100.0
23223.0
23356.0
22583.0
23193.0
23308.0
22936.0
23270.0
22789.0
22578.0
23216.0
22862.0
23110.0
23200.0
22914.0
22624.0
22414.0
23059.0
22897.0
22857.0
23330.0
22690.0
23126.0
22830.0
23140.0
23077.0
23194.0
23092.0
22746.0
22795.0
23239.0
23205.0
21387.0
22703.0
22802.0
23272.0
22301.0
23448.0
23010.0
22352.0
23185.0
23401.0
23157.0
22827.0
22942.0
22362.0
23275.0
22787.0
22857.0
23150.0
22506.0
23160.0
23281.0
23269.0
23302.0
22876.0
23360.0
23040.0
22867.0
22827.0
22494.0
22590.0
22847.0
23272.0
23327.0
22812.0
22754.0
23221.0
22518.0
23216.0
23315.0
23247.0
23017.0
23279.0
22016.0
22906.0
23331.0
22754.0
23064.0
23113.0
23214.0
22587.0
22993.0
22742.0
23038.0
23206.0
23280.0
23381.0
22709.0
23207.0
22657.0
23223.0
22869.0
22576.0
23070.0
23396.0
23115.0
22260.0
22447.0
23385.0
23180.0
22562.0
23020.0
23098.0
23133.0
23273.0
23147.0
23349.0
23297.0
23055.0
22964.0
23387.0
23061.0
23199.0
22923.0
23239.0
23022.0
23210.0
22878.0
23272.0
20361.0
22745.0
22659.0
22953.0
22555.0
22503.0
22979.0
23229.0
23003.0
23025.0
22754.0
23190.0
23086.0
23151.0
22232.0
22477.0
23103.0
22929.0
21971.0
23095.0
23169.0
22908.0
22846.0
22815.0
23027.0
23159.0
23172.0
22466.0
23049.0
23072.0
23044.0
22659.0
23061.0
23143.0
22901.0
23280.0
23177.0
22814.0
23185.0
23298.0
23158.0
23338.0
23231.0
22718.0
23324.0
22846.0
22195.0
22999.0
23209.0
22972.0
22717.0
23018.0
23165.0
23005.0
23115.0
20317.0
23153.0
23119.0
22392.0
23194.0
23090.0
23186.0
23060.0
23340.0
22834.0
23303.0
22505.0
22920.0
23196.0
23323.0
23172.0
22782.0
23290.0
23080.0
23052.0
22408.0
23164.0
23312.0
23283.0
22708.0
22696.0
23188.0
23012.0
22978.0
21921.0
22960.0
23309.0
22356.0
23221.0
23071.0
22958.0
22640.0
23293.0
22770.0
23169.0
23036.0
23232.0
22624.0
22944.0
22819.0
23060.0
22838.0
22995.0
22984.0
23031.0
22598.0
22767.0
22971.0
23056.0
23291.0
23004.0
22946.0
23015.0
23143.0
22967.0
22971.0
22424.0
23256.0
23101.0
22391.0
23298.0
22474.0
23088.0
23085.0
23028.0
22369.0
22815.0
22937.0
22894.0
22982.0
23056.0
23084.0
23174.0
22995.0
23117.0
22782.0
23260.0
22936.0
22641.0
23128.0
22868.0
23201.0
22967.0
22995.0
22345.0
23140.0
22926.0
22880.0
22920.0
23030.0
23204.0
22913.0
23293.0
22801.0
22789.0
22818.0
22730.0
23170.0
22593.0
22945.0
22320.0
23015.0
22931.0
23181.0
22921.0
22617.0
23252.0
22590.0
23100.0
22961.0
23070.0
23149.0
23254.0
23181.0
23058.0
22686.0
22597.0
23134.0
23107.0
22919.0
22977.0
22702.0
23080.0
23226.0
22876.0
22885.0
22973.0
22953.0
23241.0
22293.0
22548.0
23084.0
23151.0
23255.0
22971.0
23121.0
23117.0
23022.0
23163.0
23106.0
23124.0
22986.0
22588.0
22955.0
22814.0
22538.0
22809.0
23115.0
23186.0
22963.0
22327.0
23005.0
22700.0
22799.0
23141.0
23209.0
23021.0
23175.0
22609.0
23202.0
23227.0
23154.0
22548.0
23072.0
23184.0
23167.0
22318.0
22997.0
22428.0
23007.0
23026.0
23221.0
23072.0
22302.0
23012.0
22730.0
23217.0
22977.0
23018.0
22597.0
22443.0
23222.0
23085.0
22639.0
22382.0
23095.0
22050.0
23049.0
22825.0
22569.0
23096.0
23201.0
22977.0
23013.0
22745.0
22721.0
22813.0
22730.0
22873.0
22698.0
22944.0
23037.0
22913.0
22781.0
23056.0
22575.0
22828.0
23144.0
22924.0
23106.0
22614.0
22882.0
22497.0
23091.0
22752.0
22995.0
23061.0
23155.0
23036.0
22784.0
22991.0
22993.0
22801.0
23172.0
22605.0
20136.0
22820.0
22573.0
22886.0
22666.0
23059.0
23036.0
22842.0
23124.0
23136.0
22875.0
22957.0
22197.0
21744.0
23135.0
22312.0
22873.0
22493.0
22656.0
22958.0
22899.0
22795.0
22491.0
22406.0
22901.0
22984.0
22927.0
22723.0
23059.0
23072.0
22494.0
22959.0
22457.0
21962.0
22981.0
22866.0
22919.0
22819.0
22834.0
21952.0
22953.0
22939.0
22724.0
22963.0
22494.0
23077.0
22940.0
23018.0
21988.0
22368.0
23016.0
22857.0
23074.0
22522.0
22939.0
22706.0
22841.0
22903.0
22946.0
22982.0
23001.0
22845.0
23048.0
22806.0
22861.0
22831.0
22785.0
22998.0
22381.0
22699.0
22357.0
22911.0
21901.0
22700.0
22910.0
22969.0
22958.0
21908.0
22576.0
22716.0
21911.0
22921.0
22710.0
22891.0
22813.0
21900.0
22603.0
22538.0
22726.0
22518.0
22880.0
22751.0
22352.0
22560.0
21877.0
22830.0
22524.0
22989.0
22620.0
22865.0
22478.0
22772.0
22345.0
22679.0
22625.0
22795.0
22743.0
22681.0
22925.0
22981.0
22761.0
22750.0
22870.0
22548.0
22648.0
22813.0
22838.0
22759.0
22936.0
22800.0
22580.0
22220.0
22536.0
22369.0
22744.0
22958.0
22912.0
22628.0
22646.0
22712.0
21868.0
22710.0
22965.0
22771.0
22766.0
22459.0
22428.0
22893.0
22848.0
22589.0
22961.0
22675.0
22321.0
21799.0
22949.0
22801.0
22576.0
22679.0
22805.0
22348.0
22734.0
22848.0
22837.0
22785.0
22877.0
22836.0
22380.0
22866.0
22922.0
22887.0
22876.0
22883.0
22711.0
21749.0
21769.0
22862.0
22366.0
22063.0
22699.0
21743.0
22640.0
21742.0
22548.0
22199.0
22804.0
22822.0
22263.0
22632.0
22880.0
21734.0
22347.0
21718.0
22820.0
22630.0
21729.0
22791.0
22516.0
22662.0
22763.0
21699.0
22754.0
22709.0
22789.0
21695.0
21692.0
22329.0
22583.0
21744.0
22459.0
22804.0
22011.0
22746.0
22734.0
22685.0
21742.0
21672.0
22687.0
21665.0
21671.0
22761.0
22622.0
22723.0
22546.0
21646.0
21647.0
21635.0
22561.0
22298.0
22394.0
21625.0
22626.0
22548.0
21619.0
22481.0
21617.0
21635.0
22425.0
22336.0
21666.0
22705.0
21601.0
22743.0
22362.0
21673.0
21591.0
22726.0
22396.0
21587.0
22460.0
21591.0
21578.0
21583.0
22486.0
22690.0
22702.0
21574.0
21624.0
21569.0
21556.0
22653.0
21990.0
22654.0
22607.0
21551.0
22693.0
21539.0
22455.0
21899.0
21530.0
21519.0
22664.0
21520.0
21514.0
22414.0
22055.0
22409.0
21580.0
21490.0
22561.0
22625.0
21490.0
22398.0
22360.0
21474.0
22374.0
21475.0
22319.0
22598.0
21467.0
21445.0
22528.0
21539.0
21447.0
21542.0
21453.0
21480.0
22403.0
21422.0
21405.0
21376.0
22296.0
21432.0
21383.0
21690.0
22447.0
21367.0
21357.0
21350.0
21341.0
22307.0
21348.0
22488.0
21381.0
21337.0
21324.0
21356.0
21316.0
21308.0
21314.0
21387.0
21303.0
21279.0
21370.0
21284.0
21375.0
21266.0
21266.0
21326.0
21268.0
21262.0
21338.0
21328.0
21249.0
21245.0
21288.0
21212.0
21226.0
21211.0
21262.0
21269.0
21192.0
21190.0
21201.0
21251.0
21273.0
22270.0
21141.0
21145.0
21136.0
21254.0
21136.0
21177.0
21128.0
21175.0
21299.0
21109.0
21099.0
21134.0
22209.0
20829.0
22218.0
21080.0
21067.0
21133.0
21201.0
21023.0
21010.0
21005.0
21455.0
20956.0
20967.0
20967.0
21057.0
20943.0
21031.0
19066.0
20942.0
20947.0
20985.0
20995.0
20903.0
20973.0
20947.0
21086.0
18990.0
20916.0
20930.0
20858.0
20931.0
21068.0
21430.0
20876.0
20829.0
20877.0
20887.0
20870.0
20881.0
21190.0
20800.0
21016.0
20868.0
21286.0
20837.0
21361.0
20840.0
20864.0
20766.0
20824.0
20829.0
20756.0
20769.0
20813.0
20767.0
20815.0
20761.0
20823.0
20805.0
20754.0
20730.0
20808.0
21423.0
20962.0
20761.0
21203.0
20790.0
20831.0
20897.0
20769.0
20685.0
20765.0
20728.0
20724.0
20660.0
20727.0
19741.0
20648.0
20715.0
20860.0
20678.0
21163.0
20680.0
20841.0
21235.0
20696.0
20805.0
20833.0
20667.0
20645.0
21423.0
20713.0
20641.0
20628.0
20659.0
20914.0
20788.0
20635.0
21406.0
20947.0
20682.0
20642.0
20646.0
20927.0
20634.0
20598.0
20582.0
20750.0
21351.0
20584.0
21484.0
20917.0
20568.0
20591.0
21244.0
20614.0
20910.0
20587.0
20576.0
20942.0
20737.0
20568.0
20876.0
20616.0
20808.0
20492.0
20696.0
20534.0
20969.0
20552.0
20992.0
20604.0
20667.0
20558.0
20689.0
20527.0
20912.0
20545.0
20586.0
20861.0
20650.0
20498.0
20506.0
20716.0
20578.0
20986.0
20994.0
20512.0
20578.0
20488.0
20484.0
20509.0
20521.0
21523.0
20634.0
20468.0
20680.0
20470.0
20478.0
20503.0
20481.0
20498.0
20461.0
20666.0
20888.0
20547.0
20831.0
20619.0
20899.0
20646.0
20490.0
20630.0
20526.0
20645.0
18517.0
20491.0
20553.0
20586.0
20458.0
20517.0
20646.0
20724.0
20466.0
20866.0
20771.0
20617.0
20461.0
20436.0
20511.0
20761.0
20471.0
20598.0
20768.0
20928.0
20597.0
20405.0
20788.0
20676.0
20468.0
20571.0
20410.0
20854.0
20533.0
20457.0
20400.0
20580.0
20388.0
18482.0
20498.0
20496.0
20381.0
20430.0
20382.0
20856.0
20390.0
20541.0
20488.0
20877.0
20470.0
20552.0
20414.0
20912.0
20507.0
20409.0
20913.0
21045.0
20753.0
20410.0
20653.0
20809.0
20399.0
20384.0
20547.0
20358.0
20453.0
20550.0
20385.0
20442.0
20685.0
20542.0
20770.0
20819.0
20713.0
20365.0
21029.0
18436.0
20451.0
18435.0
20706.0
20448.0
20340.0
20402.0
20387.0
20507.0
20501.0
20801.0
20756.0
20386.0
20333.0
20377.0
20675.0
20373.0
20801.0
20660.0
20413.0
20377.0
20354.0
20492.0
20522.0
20374.0
20495.0
20399.0
20436.0
20824.0
20766.0
20390.0
20367.0
20525.0
20481.0
20809.0
20738.0
20335.0
20776.0
20781.0
20727.0
20640.0
20587.0
20305.0
20585.0
20419.0
20378.0
20356.0
20452.0
20628.0
20674.0
20482.0
20654.0
20301.0
20768.0
20641.0
20414.0
20680.0
20653.0
20450.0
20454.0
20500.0
20783.0
20596.0
20503.0
20652.0
20269.0
20741.0
20636.0
20294.0
20352.0
20647.0
20434.0
20447.0
20753.0
20308.0
20462.0
20297.0
20430.0
20291.0
20417.0
20264.0
20428.0
20432.0
20417.0
20591.0
20629.0
20694.0
20306.0
20391.0
20245.0
20522.0
20282.0
20296.0
20946.0
20405.0
20270.0
20690.0
20266.0
20402.0
20594.0
20267.0
20725.0
20363.0
20314.0
20267.0
20838.0
20524.0
20256.0
20626.0
20403.0
20402.0
20674.0
20371.0
20225.0
20576.0
20871.0
20326.0
20526.0
20436.0
20381.0
20694.0
20514.0
20531.0
20707.0
20285.0
20662.0
20413.0
20628.0
20445.0
20491.0
20228.0
20675.0
20713.0
20503.0
20352.0
20377.0
20633.0
20250.0
20347.0
21145.0
20400.0
20594.0
20273.0
20235.0
20250.0
20657.0
20593.0
20716.0
20714.0
20572.0
20382.0
20232.0
20243.0
20600.0
20202.0
20744.0
20485.0
20295.0
20546.0
20549.0
20256.0
20485.0
20281.0
20350.0
20959.0
20820.0
20816.0
20201.0
20337.0
20589.0
20533.0
20255.0
20485.0
20395.0
20229.0
20400.0
20207.0
20231.0
20294.0
20629.0
20383.0
20249.0
20181.0
20572.0
20702.0
20550.0
20349.0
20204.0
20476.0
20603.0
20527.0
20224.0
20682.0
20565.0
20174.0
20370.0
20352.0
20181.0
20200.0
20182.0
20494.0
20467.0
20371.0
20582.0
20366.0
20160.0
20605.0
20220.0
18255.0
20299.0
20171.0
20616.0
20504.0
20920.0
20624.0
20685.0
20336.0
20386.0
20657.0
20217.0
20440.0
20618.0
20555.0
20357.0
20493.0
20618.0
20493.0
20510.0
20456.0
20424.0
20495.0
20365.0
20167.0
20680.0
20545.0
20546.0
20598.0
20825.0
20853.0
20439.0
19858.0
20198.0
20323.0
20495.0
20446.0
20654.0
20525.0
20483.0
20352.0
20302.0
20312.0
20521.0
20410.0
20532.0
20508.0
20196.0
20270.0
20179.0
20221.0
20491.0
20224.0
20305.0
20575.0
20426.0
20136.0
20472.0
20297.0
20135.0
20208.0
20139.0
20641.0
20288.0
18216.0
20667.0
20670.0
20207.0
20167.0
20339.0
20422.0
20147.0
20129.0
20713.0
20155.0
20521.0
20390.0
20430.0
20393.0
20140.0
20271.0
20240.0
20641.0
20904.0
20204.0
20781.0
20193.0
20263.0
20163.0
20324.0
21181.0
20189.0
20569.0
20430.0
20164.0
20811.0
20897.0
20147.0
20600.0
20164.0
20458.0
20228.0
20098.0
20891.0
20658.0
20424.0
20145.0
20123.0
20181.0
20431.0
20602.0
20138.0
20451.0
20115.0
20108.0
20606.0
20385.0
20087.0
20298.0
20603.0
20259.0
20717.0
20386.0
20495.0
20118.0
20406.0
20437.0
20254.0
20269.0
20608.0
20242.0
20138.0
20379.0
20185.0
20392.0
20440.0
20379.0
20078.0
20258.0
20111.0
20168.0
20117.0
20874.0
20893.0
20205.0
18164.0
20182.0
20517.0
20516.0
20216.0
20223.0
20780.0
20214.0
20100.0
20813.0
20131.0
20115.0
20509.0
20628.0
20164.0
20617.0
20243.0
20115.0
20121.0
20388.0
20061.0
20206.0
20577.0
21124.0
20427.0
20366.0
20251.0
20083.0
20202.0
21054.0
20402.0
20749.0
20496.0
20217.0
20427.0
20268.0
20407.0
20640.0
20623.0
20512.0
20119.0
20154.0
20073.0
20799.0
20206.0
20503.0
20228.0
20233.0
20207.0
20048.0
20176.0
20558.0
20567.0
20086.0
20065.0
20326.0
20826.0
20367.0
20399.0
20066.0
18134.0
20608.0
20769.0
20614.0
20348.0
20381.0
20328.0
20579.0
20062.0
20557.0
20191.0
20382.0
20086.0
20218.0
20233.0
20331.0
20355.0
20066.0
20253.0
20408.0
20505.0
20374.0
20098.0
20509.0
20376.0
20948.0
20577.0
20242.0
20179.0
20163.0
20753.0
20539.0
21032.0
20161.0
20064.0
20727.0
20119.0
20857.0
20234.0
20751.0
20742.0
20348.0
20517.0
20306.0
20194.0
20366.0
20156.0
20307.0
20233.0
20112.0
20923.0
20439.0
20050.0
20796.0
20496.0
20178.0
20078.0
20219.0
20286.0
20571.0
20177.0
20526.0
20786.0
20761.0
20025.0
20304.0
20556.0
20383.0
20107.0
20233.0
20109.0
20355.0
20509.0
20534.0
20484.0
20381.0
20369.0
20141.0
20134.0
20291.0
20097.0
20173.0
20775.0
20139.0
20136.0
20840.0
20820.0
20381.0
20060.0
20722.0
20199.0
20721.0
20091.0
20326.0
20318.0
20373.0
21004.0
20912.0
20726.0
20082.0
20022.0
20303.0
20440.0
20222.0
20541.0
20491.0
20349.0
20351.0
20549.0
20382.0
20703.0
20216.0
20434.0
20406.0
20007.0
20456.0
20077.0
20137.0
20026.0
20451.0
20275.0
20460.0
20456.0
20140.0
18077.0
20689.0
20116.0
20018.0
19991.0
20623.0
20007.0
20433.0
20274.0
20660.0
20123.0
19972.0
20960.0
20112.0
20016.0
20291.0
20414.0
20449.0
20279.0
20114.0
20579.0
20250.0
20421.0
20057.0
20411.0
20426.0
20363.0
20279.0
20375.0
20454.0
20332.0
20263.0
20240.0
20131.0
20160.0
20267.0
20034.0
20325.0
20308.0
20301.0
20267.0
20054.0
20155.0
20255.0
20014.0
20236.0
20320.0
20270.0
20445.0
20431.0
20383.0
20135.0
20402.0
20308.0
20503.0
20305.0
20357.0
20040.0
20533.0
20150.0
20139.0
20320.0
20778.0
20441.0
19975.0
20156.0
20182.0
20281.0
20478.0
20382.0
20041.0
20332.0
19972.0
20407.0
20049.0
20489.0
20656.0
20285.0
20483.0
20484.0
20100.0
20172.0
20092.0
20399.0
20304.0
20078.0
20009.0
20318.0
19970.0
20045.0
20036.0
20690.0
20083.0
20498.0
20316.0
20233.0
20131.0
20788.0
20255.0
20135.0
20115.0
20626.0
19978.0
20139.0
20085.0
20680.0
20119.0
19929.0
20292.0
20840.0
20018.0
20136.0
20276.0
20298.0
20159.0
20057.0
20011.0
20126.0
20206.0
20091.0
20229.0
20687.0
20536.0
20496.0
20078.0
20199.0
20610.0
20050.0
20305.0
20239.0
20091.0
20552.0
20096.0
20617.0
20593.0
20267.0
20645.0
19961.0
20207.0
20326.0
20001.0
20378.0
20431.0
20459.0
20206.0
20394.0
20518.0
20069.0
20094.0
20325.0
20438.0
20339.0
20077.0
20126.0
19931.0
20050.0
20350.0
20509.0
20357.0
20082.0
19972.0
20099.0
20329.0
19950.0
20075.0
20231.0
20711.0
20211.0
20249.0
20818.0
20237.0
20053.0
20350.0
20834.0
20300.0
20510.0
20201.0
20452.0
20064.0
20182.0
20033.0
20094.0
20065.0
20429.0
20078.0
20257.0
20342.0
19995.0
20392.0
20031.0
20588.0
20424.0
20125.0
20259.0
20226.0
20056.0
20390.0
19921.0
20346.0
20470.0
19935.0
20705.0
20214.0
20195.0
20267.0
20044.0
20068.0
20022.0
20730.0
20501.0
20324.0
20375.0
20652.0
20598.0
20108.0
19909.0
20064.0
20416.0
20420.0
20728.0
20750.0
20389.0
20724.0
20813.0
19942.0
20430.0
20417.0
20032.0
20392.0
20848.0
20086.0
20337.0
20368.0
20057.0
20620.0
20070.0
20090.0
20446.0
20449.0
20000.0
19968.0
19890.0
19868.0
20024.0
20593.0
20362.0
20712.0
20736.0
20359.0
20347.0
19929.0
20188.0
20229.0
20553.0
20423.0
20234.0
19933.0
19976.0
20393.0
19994.0
20846.0
20030.0
20717.0
20088.0
19991.0
20767.0
20167.0
19950.0
20066.0
20272.0
20821.0
20208.0
20299.0
20673.0
19885.0
20595.0
20329.0
20551.0
20271.0
20060.0
19875.0
20349.0
20871.0
20274.0
20391.0
20243.0
19872.0
20299.0
20595.0
20020.0
20377.0
20215.0
20004.0
20344.0
19866.0
20263.0
20303.0
20303.0
20309.0
19871.0
19998.0
20254.0
20251.0
19984.0
19853.0
20177.0
20306.0
20168.0
20548.0
19988.0
20158.0
20665.0
20156.0
19999.0
20653.0
20179.0
20183.0
19897.0
20198.0
20393.0
20281.0
20389.0
20184.0
20038.0
20727.0
20800.0
20056.0
19891.0
20189.0
20014.0
20152.0
20183.0
19978.0
20250.0
19981.0
19972.0
20313.0
20176.0
20298.0
19919.0
20289.0
20010.0
19989.0
19891.0
20039.0
19972.0
20126.0
20185.0
20298.0
20259.0
20658.0
20007.0
20697.0
19859.0
19956.0
19863.0
19838.0
20842.0
20523.0
20373.0
20512.0
20213.0
20383.0
20131.0
20111.0
20303.0
20657.0
20535.0
19928.0
20342.0
20401.0
20160.0
20399.0
20247.0
20205.0
20349.0
19926.0
20242.0
20312.0
19907.0
20272.0
20548.0
20576.0
20450.0
19948.0
19991.0
20273.0
19984.0
20032.0
20809.0
20558.0
20579.0
20295.0
20651.0
20789.0
20779.0
20291.0
20237.0
19946.0
20014.0
20417.0
20645.0
20264.0
20669.0
20202.0
20038.0
20185.0
20484.0
20533.0
20201.0
20586.0
20258.0
20338.0
20106.0
20125.0
20099.0
20099.0
20144.0
20091.0
19854.0
19896.0
20166.0
20210.0
19985.0
20108.0
20236.0
19888.0
20767.0
20359.0
19854.0
20298.0
20380.0
20554.0
20587.0
20296.0
20480.0
20596.0
19886.0
20208.0
20549.0
20695.0
20026.0
19891.0
19996.0
20256.0
20312.0
20693.0
19921.0
20349.0
19890.0
20201.0
20592.0
20759.0
20166.0
19951.0
20184.0
20307.0
20141.0
19950.0
19842.0
20127.0
20155.0
20240.0
20133.0
20161.0
19842.0
19879.0
20292.0
19951.0
20258.0
20294.0
20231.0
20492.0
20266.0
19806.0
20060.0
19928.0
20381.0
19838.0
19904.0
20271.0
20231.0
19968.0
20181.0
19906.0
20343.0
20638.0
20296.0
20625.0
20330.0
20192.0
20586.0
20130.0
20448.0
19901.0
19962.0
20417.0
20072.0
20158.0
20724.0
20520.0
20318.0
19918.0
20547.0
20288.0
19974.0
17856.0
20164.0
20168.0
20231.0
20262.0
20086.0
20171.0
20104.0
19990.0
20286.0
20064.0
20293.0
20194.0
20142.0
19892.0
19908.0
20199.0
20285.0
19987.0
20063.0
19934.0
20475.0
19941.0
20194.0
20055.0
19897.0
20717.0
19980.0
19864.0
19844.0
20445.0
20203.0
20165.0
20199.0
20264.0
20602.0
20175.0
20221.0
20068.0
19954.0
20103.0
20153.0
20327.0
20050.0
20170.0
20191.0
19973.0
20219.0
20446.0
20165.0
19892.0
20694.0
20178.0
20081.0
20572.0
19937.0
19885.0
20203.0
19911.0
19907.0
20132.0
19891.0
20298.0
19887.0
20039.0
20045.0
20669.0
20770.0
20281.0
19897.0
20123.0
20338.0
20111.0
20193.0
20092.0
20113.0
20035.0
20704.0
20232.0
20214.0
20425.0
20433.0
20063.0
20092.0
19951.0
19892.0
20431.0
20009.0
20571.0
20152.0
20592.0
20122.0
20103.0
20046.0
20283.0
20448.0
19910.0
20148.0
20268.0
20271.0
20343.0
20453.0
20531.0
20694.0
20189.0
20350.0
19935.0
19835.0
19773.0
20074.0
20480.0
20045.0
20171.0
20452.0
20245.0
20311.0
20224.0
20603.0
20002.0
19854.0
20239.0
20259.0
20573.0
20325.0
20170.0
20411.0
20415.0
19876.0
19917.0
20589.0
20637.0
20498.0
20304.0
20103.0
20688.0
20232.0
20401.0
20514.0
20265.0
19711.0
20615.0
20555.0
19842.0
20600.0
20395.0
20467.0
20023.0
20421.0
19896.0
20242.0
20094.0
20103.0
20176.0
20395.0
20153.0
20179.0
20407.0
20136.0
19751.0
19859.0
20175.0
20147.0
19924.0
20073.0
20633.0
20153.0
20111.0
20200.0
20673.0
20425.0
20612.0
20329.0
19801.0
20079.0
20381.0
20540.0
20128.0
20345.0
20572.0
19931.0
20474.0
20030.0
20046.0
19843.0
20138.0
20397.0
20510.0
20408.0
19913.0
20370.0
20189.0
20149.0
20455.0
20792.0
20124.0
19833.0
19904.0
20004.0
20598.0
20179.0
20054.0
19912.0
20037.0
20415.0
20493.0
19846.0
20078.0
20093.0
20287.0
19883.0
20012.0
20186.0
20062.0
20046.0
19683.0
19870.0
19837.0
19845.0
20194.0
20384.0
20191.0
19877.0
19906.0
20017.0
20481.0
20573.0
19985.0
19812.0
19986.0
20197.0
20509.0
20360.0
20119.0
20148.0
20415.0
18734.0
20640.0
20234.0
20073.0
20528.0
20169.0
19848.0
20399.0
19829.0
20090.0
20150.0
20362.0
20524.0
20543.0
19811.0
20128.0
20629.0
20759.0
19972.0
20206.0
20137.0
20691.0
20005.0
20043.0
20048.0
20122.0
20104.0
20242.0
20526.0
20353.0
20095.0
20320.0
19991.0
20571.0
20143.0
20017.0
20122.0
19837.0
20399.0
19725.0
19761.0
20003.0
20263.0
20584.0
20050.0
20040.0
20361.0
19887.0
19848.0
20150.0
20430.0
20091.0
20118.0
20036.0
20201.0
20382.0
20671.0
20649.0
20614.0
20426.0
20054.0
20134.0
20144.0
20196.0
20436.0
20411.0
20377.0
19880.0
20201.0
19807.0
20067.0
20340.0
20465.0
19991.0
20178.0
20238.0
19793.0
20421.0
20461.0
20291.0
19883.0
20277.0
19824.0
20373.0
20663.0
20546.0
20422.0
20397.0
20752.0
19835.0
20243.0
19675.0
20348.0
19820.0
20105.0
20326.0
20087.0
20195.0
20094.0
20474.0
19802.0
20002.0
20603.0
19976.0
18694.0
20329.0
20616.0
20142.0
19858.0
19746.0
20325.0
20099.0
20235.0
19820.0
20203.0
19979.0
20344.0
20038.0
20476.0
20166.0
19917.0
19855.0
20087.0
18691.0
20422.0
19863.0
20323.0
19844.0
20449.0
20342.0
20101.0
19957.0
19797.0
20251.0
20257.0
20316.0
20387.0
20451.0
20465.0
20428.0
20649.0
20408.0
19843.0
20199.0
20315.0
20056.0
20037.0
20073.0
19861.0
20318.0
20379.0
20072.0
20109.0
20118.0
20340.0
20169.0
19734.0
20083.0
20621.0
20271.0
20362.0
20077.0
20566.0
20038.0
19774.0
20601.0
20298.0
20193.0
20590.0
20116.0
20169.0
19765.0
20601.0
20341.0
20573.0
20416.0
19833.0
20167.0
20577.0
19958.0
20641.0
19831.0
20033.0
20592.0
19716.0
20384.0
19719.0
19834.0
19914.0
20164.0
19795.0
19988.0
20409.0
20516.0
20285.0
19998.0
19955.0
20201.0
19736.0
20013.0
19808.0
19986.0
20300.0
20428.0
20139.0
20365.0
20200.0
19690.0
20348.0
19902.0
20192.0
20399.0
19987.0
19954.0
19611.0
20220.0
20113.0
19797.0
20461.0
19756.0
19812.0
20369.0
20158.0
20237.0
19875.0
20486.0
19999.0
20332.0
20550.0
20071.0
19983.0
19903.0
20555.0
19725.0
20277.0
20331.0
20075.0
20385.0
20106.0
19939.0
20041.0
20437.0
19774.0
20282.0
20059.0
20410.0
20383.0
19602.0
19990.0
20381.0
20440.0
20318.0
20483.0
20326.0
19796.0
19809.0
20581.0
20213.0
18632.0
20346.0
20118.0
20285.0
20168.0
20122.0
19684.0
20065.0
19971.0
19726.0
20482.0
20371.0
20093.0
20032.0
19739.0
20179.0
19947.0
20049.0
20071.0
19933.0
19774.0
19676.0
20041.0
20030.0
20559.0
20018.0
20408.0
20286.0
20407.0
20076.0
20148.0
19801.0
20205.0
20223.0
19671.0
19928.0
19947.0
20278.0
20355.0
20205.0
20004.0
20030.0
20200.0
19948.0
20409.0
19992.0
20306.0
20530.0
20024.0
19726.0
20362.0
20037.0
20134.0
19712.0
20403.0
19655.0
20017.0
19767.0
20326.0
20234.0
20352.0
20574.0
19694.0
20365.0
20287.0
20002.0
20244.0
19883.0
19771.0
19967.0
20419.0
20001.0
20471.0
20054.0
20104.0
20368.0
19908.0
20140.0
19721.0
20281.0
20376.0
20406.0
20304.0
20336.0
20136.0
19994.0
20152.0
20071.0
20415.0
19901.0
19688.0
20218.0
19690.0
20222.0
20285.0
19922.0
20353.0
20255.0
20107.0
20236.0
20492.0
20238.0
19716.0
19998.0
19634.0
20030.0
20607.0
20107.0
20301.0
20514.0
20153.0
20214.0
19916.0
20356.0
20080.0
19903.0
20343.0
20082.0
20301.0
20341.0
20029.0
19960.0
20067.0
20335.0
20356.0
19935.0
20024.0
19884.0
20226.0
20252.0
20509.0
20563.0
20315.0
20127.0
20409.0
19715.0
20531.0
19627.0
20045.0
20282.0
20448.0
19916.0
19897.0
20094.0
19996.0
20000.0
20105.0
20379.0
20204.0
19692.0
20104.0
20439.0
20140.0
20251.0
20425.0
20081.0
19664.0
20149.0
19979.0
19909.0
19650.0
20029.0
20246.0
20294.0
19829.0
20129.0
20571.0
20585.0
20159.0
19684.0
20197.0
20503.0
20504.0
20263.0
20206.0
19668.0
20138.0
19951.0
20549.0
20125.0
19997.0
20343.0
20198.0
19995.0
20342.0
20193.0
20567.0
20337.0
20078.0
20271.0
19845.0
20162.0
20138.0
19710.0
19934.0
20142.0
20063.0
20279.0
20208.0
19917.0
19965.0
19710.0
20305.0
20062.0
20264.0
19727.0
20452.0
20468.0
20132.0
17595.0
20188.0
19643.0
20340.0
20342.0
20049.0
20628.0
20233.0
20123.0
20299.0
19967.0
20514.0
19812.0
19944.0
20549.0
19648.0
20102.0
20492.0
20476.0
20073.0
20075.0
20257.0
20009.0
19921.0
20229.0
20176.0
20051.0
20121.0
19947.0
20007.0
20031.0
19659.0
20001.0
20055.0
20168.0
20301.0
20075.0
20528.0
20517.0
20231.0
19965.0
20001.0
20088.0
19988.0
20407.0
20051.0
20054.0
19964.0
20407.0
20310.0
20481.0
20404.0
20301.0
20481.0
19675.0
20210.0
20134.0
19628.0
20368.0
19971.0
20363.0
20538.0
20304.0
20084.0
19903.0
20003.0
20220.0
20310.0
20087.0
19711.0
19708.0
20133.0
19989.0
20295.0
19949.0
20228.0
20201.0
20230.0
20387.0
20383.0
19784.0
20100.0
19839.0
20314.0
19709.0
20013.0
20024.0
20182.0
20364.0
20533.0
20112.0
20488.0
20324.0
20321.0
20332.0
20011.0
20379.0
19923.0
20104.0
20379.0
20362.0
20438.0
19562.0
20065.0
20282.0
20181.0
20232.0
19897.0
20147.0
19847.0
20116.0
20212.0
19988.0
20556.0
19985.0
20009.0
20091.0
19675.0
20301.0
19623.0
20308.0
19916.0
20081.0
20189.0
20074.0
20141.0
20167.0
20220.0
19938.0
19824.0
19996.0
20519.0
19958.0
19870.0
20423.0
20228.0
20058.0
20204.0
19812.0
20181.0
20039.0
20283.0
20268.0
20148.0
20208.0
20175.0
20166.0
19889.0
20416.0
20273.0
19752.0
19599.0
20138.0
20297.0
20060.0
20144.0
19768.0
20300.0
20360.0
20284.0
20202.0
19586.0
19783.0
20036.0
20127.0
19838.0
19876.0
20206.0
20433.0
20177.0
19990.0
20088.0
20038.0
20447.0
20013.0
19788.0
20015.0
20547.0
19660.0
20054.0
20358.0
19804.0
19874.0
19919.0
20029.0
19528.0
20338.0
20394.0
19906.0
20089.0
20124.0
19915.0
20132.0
19899.0
19807.0
19900.0
17525.0
20218.0
19816.0
19666.0
20002.0
20528.0
20219.0
20336.0
20004.0
19939.0
20073.0
19970.0
20236.0
20287.0
20339.0
20154.0
20247.0
20165.0
20501.0
19818.0
19775.0
20138.0
20225.0
20308.0
20448.0
19879.0
20255.0
20310.0
19990.0
20109.0
20493.0
20136.0
20471.0
20281.0
20204.0
19898.0
20150.0
20107.0
20233.0
19967.0
20450.0
20245.0
19907.0
19576.0
19852.0
19867.0
20245.0
20523.0
20383.0
20125.0
19989.0
20406.0
20174.0
20499.0
19914.0
19841.0
20136.0
20379.0
20151.0
20387.0
20441.0
20398.0
20479.0
20440.0
19950.0
20372.0
19947.0
19864.0
19917.0
20293.0
20371.0
20147.0
19902.0
20096.0
19883.0
19860.0
20376.0
19928.0
19972.0
19888.0
20004.0
19890.0
20224.0
20486.0
19834.0
20113.0
20378.0
20332.0
19820.0
20388.0
19951.0
19879.0
19922.0
20208.0
20012.0
20202.0
19906.0
20328.0
19891.0
20377.0
19927.0
19782.0
20230.0
19898.0
19947.0
20121.0
20170.0
19983.0
20126.0
20368.0
19982.0
20412.0
19734.0
20096.0
20379.0
19878.0
20374.0
20289.0
20252.0
19852.0
20014.0
19869.0
20198.0
20005.0
20122.0
19685.0
19872.0
20173.0
20355.0
19860.0
19992.0
20095.0
19667.0
20270.0
20483.0
20027.0
20223.0
19964.0
19772.0
20293.0
19812.0
19963.0
20106.0
20183.0
20081.0
20096.0
20223.0
20095.0
19774.0
20412.0
20185.0
19995.0
19923.0
19806.0
19935.0
19656.0
20096.0
20199.0
19832.0
19522.0
20403.0
20169.0
19928.0
20232.0
19904.0
20148.0
19882.0
19963.0
20006.0
20463.0
19933.0
20332.0
20140.0
20353.0
19931.0
20172.0
20116.0
20161.0
20334.0
20192.0
19803.0
20387.0
20074.0
19764.0
20331.0
20243.0
20402.0
19908.0
19918.0
20392.0
19890.0
19945.0
19745.0
19888.0
20442.0
19962.0
20251.0
19931.0
20131.0
19924.0
19516.0
19925.0
19961.0
20215.0
20310.0
19864.0
20334.0
19852.0
19971.0
20281.0
19785.0
19859.0
20118.0
20070.0
20028.0
20382.0
20362.0
20171.0
20320.0
20099.0
19987.0
20190.0
19936.0
20120.0
19806.0
19744.0
20031.0
19789.0
20157.0
20359.0
20212.0
19570.0
20249.0
19818.0
20038.0
20189.0
19963.0
20046.0
20079.0
19917.0
19961.0
20277.0
20096.0
20208.0
20142.0
19908.0
20318.0
20217.0
20244.0
20365.0
19912.0
19905.0
19883.0
19831.0
19904.0
20073.0
20139.0
20166.0
19932.0
20369.0
20103.0
20316.0
19651.0
20431.0
20248.0
20345.0
19854.0
20304.0
20073.0
20125.0
20393.0
20001.0
19720.0
20138.0
20331.0
20160.0
20371.0
20115.0
19944.0
19810.0
20395.0
19950.0
20000.0
20388.0
20293.0
20410.0
20205.0
20418.0
20304.0
19871.0
20144.0
20091.0
20319.0
19996.0
20177.0
20396.0
20291.0
20122.0
19786.0
19828.0
19860.0
19875.0
20078.0
20147.0
19931.0
19745.0
20138.0
19723.0
20254.0
20140.0
20266.0
19857.0
20043.0
20021.0
19669.0
20363.0
20177.0
20311.0
19901.0
19912.0
20110.0
19916.0
20022.0
20214.0
20088.0
20135.0
19794.0
20134.0
20033.0
20318.0
19838.0
20213.0
20162.0
20294.0
20076.0
19858.0
19868.0
19750.0
20126.0
20256.0
20323.0
19838.0
20051.0
20184.0
20081.0
20123.0
20229.0
20135.0
19789.0
